4 296 282 45 130
4 0 32 248 175
3 180 239 12
4 216 53 287 211
4 167 245 201 2
3 75 11 272
3 108 14 126
3 168 244 264
3 85 29 20
3 161 207 143
3 164 68 297
3 127 253 176
3 54 204 250
3 249 102 78
3 294 295 115
3 13 298 240
3 103 209 120
3 7 50 289
4 148 64 199 183
3 116 128 35
3 99 284 141
3 87 166 219
3 72 82 55
3 80 243 1
3 34 232 16
3 95 117 252
3 184 241 152
3 110 217 31
3 259 122 104
3 41 271 192
3 62 89 30
3 290 160 47
3 275 188 242
3 133 258 215
3 136 3 154
3 4 40 155
3 260 197 279
3 203 27 256
3 24 222 59
3 210 254 51
3 134 28 255
3 212 202 266
3 58 237 135
3 286 158 280
3 299 157 67
3 8 111 100
3 159 177 251
3 162 170 97
3 92 114 123
3 193 61 228
3 88 185 182
3 273 195 293
3 246 172 238
3 227 268 288
3 105 10 151
3 107 25 270
3 218 23 231
3 15 48 189
3 276 26 43
2 156 205
3 220 236 17
3 171 140 94
3 60 76 178
3 74 163 262
3 137 73 49
3 224 81 52
3 144 42 153
3 44 70 208
3 113 118 77
3 125 283 257
3 281 124 132
3 56 191 66
3 19 235 194
3 198 131 84
3 18 190 69
3 285 119 173
3 21 5 247
3 150 109 206
2 129 98
3 63 90 278
3 263 101 46
3 200 83 165
3 225 86 71
3 261 6 229
3 187 22 233
3 213 93 149
2 91 292
2 39 181
3 38 269 37
2 214 223
3 79 138 9
3 277 291 274
2 57 112
2 174 106
3 230 139 169
2 121 145
3 267 147 186
2 96 196
2 226 265
2 146 142
