97 7329 1117 7694 6695 8366 4276 8687 303 7844 7583 4980 1291 9818 6311 394 8647 816 2132 745 1729 7909 3618 6090 7070 6968 3616 244 4547 5066 4237 508 4192 1867 1773 5097 2700 4956 6462 4433 9661 8944 8959 3559 2196 2840 4378 5904 7371 4247 1968 4328 9590 2591 5995 2572 9893 1783 7723 9982 9774 1566 4260 688 8185 8050 5828 3327 3970 9895 3170 4090 722 5432 4567 9483 4278 7274 5013 482 3554 7537 2549 9341 6177 8428 5437 7572 3400 7022 1484 8351 5610 6140 7081 8496 1627 6139
99 370 4495 1629 2664 1631 2070 8251 4880 3794 9121 2717 5352 2443 3741 610 6841 5329 5978 1418 7592 3336 114 1967 4551 368 1222 7542 545 1166 5766 5629 1576 7816 8541 8717 1426 7735 3918 5896 8903 8785 1072 4322 1464 9148 7047 6458 7826 8657 1753 6008 8359 2742 5694 1118 6356 807 3401 8393 5662 6382 4281 7730 5417 4870 4035 9456 4765 8318 5179 4830 4982 6350 4646 1005 1554 2612 7639 5385 365 1182 4410 6940 3642 9360 8981 1863 8732 5220 2120 7504 1273 1409 9080 4091 6943 8791 3137 6185
99 6896 6719 4872 6931 2516 6151 8180 3041 227 3887 4205 5968 4994 5814 5091 9667 9184 851 7796 8193 8394 4856 143 7249 8259 5945 180 9300 793 6194 5959 6909 4098 1964 3959 3260 6726 6521 3926 2291 5708 3736 5876 2046 8382 5225 9581 8144 5111 2527 6120 2170 1792 9892 2571 2125 8033 822 6855 4295 749 739 7311 3413 9840 4988 6887 5063 88 1697 7832 158 6505 3550 8286 2675 3699 4329 9723 6978 4124 4940 9459 1821 4447 119 5364 450 4427 409 4386 1850 6668 3922 7567 6944 9082 7625 5579
100 3545 7725 2447 3025 5781 5280 4026 2824 9208 9005 4577 7477 891 6699 2277 8343 5474 4816 6357 363 2691 9373 6281 3364 284 9585 8253 7655 643 2676 759 1658 8488 7018 3604 858 552 5206 5950 3924 680 3552 7139 4279 785 7006 8076 6937 9668 4149 9815 946 8527 8594 2049 1941 8709 2704 4092 2486 3478 8912 6497 2995 9045 8116 6941 8755 7103 9841 2961 6547 7230 7412 9554 3282 1275 5423 605 7518 8633 5404 862 4463 4056 1595 7602 1815 4615 935 8364 1037 7642 8582 6649 3271 6872 4990 6839 9811
100 1247 9128 5880 4661 6390 134 8293 3757 8009 1319 9741 9253 5284 2718 44 720 5820 5298 8463 7453 9599 5085 1572 4862 5365 7569 493 3396 5082 5918 5655 1948 6065 697 5142 9763 9596 544 4032 4614 172 770 5048 5017 1776 3225 3919 6342 265 1929 5901 9063 5484 8391 6023 9733 1643 4849 638 839 7853 5061 4647 8358 3976 910 6925 4537 2673 707 8168 4499 8655 7113 8285 200 3079 8968 3605 6425 4680 3865 8058 3409 2909 1181 3362 2871 1890 5955 579 6305 1416 1172 7995 6520 2782 9612 226 7916
99 8100 4326 3452 2895 7522 5034 3224 6569 3003 9808 6994 7083 4638 7579 1934 366 2453 1681 5106 6595 6094 8544 828 4704 7366 8097 6076 5893 2441 1731 2192 4825 6600 7172 7346 8689 1311 2001 5824 61 8894 7162 7084 3063 5588 9642 8081 5332 6867 105 9659 1623 7472 971 8177 3767 5430 7833 6061 920 5019 6734 425 495 2835 3868 281 2095 4546 3864 8154 9603 5238 262 5498 1977 9229 3247 5593 6345 1208 2311 8549 8538 3257 6433 289 8950 1060 4492 3903 7434 7508 761 146 9885 3973 5269 123
101 574 2176 6826 2766 8599 1495 4200 9381 6551 3533 6775 2643 2532 3599 8176 4531 6080 7186 6993 2861 5992 2310 1692 1511 2916 4805 8438 4268 8570 869 7580 6557 2315 5765 6793 2367 3589 1611 4186 8051 8169 9306 5049 9685 1719 5627 9745 1830 8030 2902 3543 5477 1099 9140 8199 8868 9947 3233 6859 4630 6086 1669 2428 8194 7825 5396 2482 738 6737 5143 2160 8992 7878 9235 3337 4814 4308 5971 5815 4732 9865 3637 1452 7361 4734 9653 4643 3971 2276 5386 9431 3747 2551 9694 2143 1120 8278 9369 8789 9559 7678
99 4733 8552 8388 4258 527 7679 9017 2280 3812 3585 3897 4899 3355 3522 8218 1396 982 8604 5871 8460 8833 1159 7305 5973 764 914 7164 2271 6648 1945 1993 3375 7401 5729 4512 9424 4443 6570 3429 9922 8465 6801 8228 2863 8244 2483 6399 4157 7198 5241 1230 1920 1258 4534 8412 8659 2201 2305 1221 8629 533 2400 6932 5881 3712 8768 5680 1564 1628 6437 1908 805 9994 3752 6673 1903 6191 7757 6130 947 80 9662 7430 319 4446 557 212 8060 8461 5051 2701 7987 4174 8857 7090 1169 4737 57 6155
99 5439 8505 3083 7771 6470 2686 9269 3509 7210 9453 9479 167 5773 3129 1482 4351 8669 4301 1066 466 5125 5428 8957 6202 4964 8972 9278 7581 7110 9344 3836 9429 3684 7547 1877 7614 6298 2030 5009 9921 573 8143 9761 7500 65 8314 3310 9432 6469 7387 8524 5561 7956 2219 1746 1524 5093 7445 1481 5536 913 9356 4519 2949 1502 2220 1436 2330 8170 3412 3847 5539 3410 8628 4974 225 74 2347 4860 5375 8302 1067 5785 2983 5458 6987 178 1683 6329 3829 2808 8156 5864 3175 7426 3740 1680 5521 2567
98 336 2307 4622 696 3727 2150 583 4909 5628 338 7926 5736 5531 120 424 3311 6735 6046 5444 3882 4970 5321 8559 3232 3602 1818 1019 4985 4895 6067 209 4657 2466 4226 6776 7347 1975 2162 7465 9195 5523 8870 6346 6461 7842 2658 6837 3544 3093 1974 7415 4036 7818 4164 1179 4932 5450 5492 6386 5829 9649 1799 5218 3624 9930 5413 6408 7496 1637 9533 7062 6220 6110 955 7799 9262 7630 1085 7797 2583 9180 6282 6517 6935 5622 1899 7663 3290 5212 8178 2667 781 5975 9932 7061 1650 4230 4354
98 1523 5633 4130 7813 2175 5189 4906 3534 311 2959 3320 6102 894 916 5745 6582 727 8724 4413 7379 4521 854 2912 5338 4179 3748 8962 2594 267 8794 5942 1463 8948 9712 2377 9342 9878 6977 7420 9258 4945 1472 5205 7284 3216 1095 1288 1475 927 2536 4116 6984 2309 1136 2245 1966 1007 8371 5988 9088 2420 4589 2703 6589 6524 4652 7736 8736 7593 6192 1760 7527 1545 8444 5678 4436 6659 439 2657 9899 6717 4513 3473 4592 2438 2719 7895 6215 5005 5795 5033 9638 9767 4875 3622 8603 8707 1510
101 9689 7431 9386 7270 747 9407 2013 9135 7409 4118 3871 7732 360 3442 196 393 4452 2206 9285 6567 3353 9170 1918 3822 32 981 3333 1421 9725 5552 4610 2489 8747 8596 8289 9538 6001 9718 5979 83 203 5839 8632 3486 7646 9030 6287 1723 8743 8338 3756 3661 8186 7126 9836 7286 9188 3156 7032 7150 4049 7588 2234 5150 6017 7640 6306 5838 9927 8641 7888 7043 8889 7242 7052 7004 5289 5673 7168 9510 2117 9671 3032 1110 4106 9309 9486 1561 6513 8734 5058 1813 1078 7301 904 7997 4834 8661 5187 7385 752
100 2048 790 7258 6485 4151 2198 3366 5442 8287 4075 2042 1816 5616 5261 2771 4761 1371 7991 436 2504 2127 7239 7708 4645 3253 9617 1834 5447 3407 8054 4927 7724 647 7054 1256 9849 542 8531 6888 9109 1512 5255 9078 8350 9474 549 64 4315 1535 5863 5519 8319 4123 9114 3827 8621 6136 8085 4353 5948 2267 5910 8855 4989 5141 9999 9605 4793 716 924 5575 3133 6863 7309 634 589 6391 4373 7188 8973 8204 2112 9242 3172 4703 2769 8843 9990 6781 3281 7416 6933 211 6596 4002 3323 310 644 2193 4093
98 7479 9855 7846 1521 1759 8425 6233 861 6294 3031 3880 4631 9968 3895 4738 6240 4935 4987 9739 8914 210 3051 8733 5549 3956 7331 7687 1831 6515 3027 3878 7751 5603 2526 3102 2712 3155 9073 2086 2896 3997 925 3784 8491 7823 3000 9476 9489 1527 4086 3775 6021 6738 6417 8694 2075 3059 4777 9015 2821 8308 1622 3981 2004 4458 3989 5007 4841 6389 5290 5453 6011 2142 3695 2653 9259 3277 9304 6267 7376 1494 7192 9367 857 658 4150 6970 8016 8600 84 4240 692 1285 944 6851 615 3947 6653
98 8363 67 7254 2090 5835 4919 6066 4522 5132 9033 3491 7452 2003 8372 8999 7158 1608 7509 4782 3908 6337 4063 8551 7105 4590 489 7815 8145 179 7530 4169 9752 5194 7116 6525 3525 2730 8348 6055 6241 1225 2877 9265 6702 8494 8774 6947 1909 2900 8771 1270 2068 8568 3238 6785 9118 2151 2137 5775 4462 2383 1722 8735 2266 3590 3360 6679 1241 1652 870 7295 4760 9074 7637 555 6268 9471 7486 9350 6671 7525 986 8858 9911 9560 5686 1874 5373 5482 4595 5390 1390 5110 9485 306 4053 1684 5842
101 9199 6492 2421 2359 8617 1026 1583 8716 5799 9 9869 2761 7624 8135 7220 2790 1081 1013 5748 9716 7763 8611 215 5050 775 8513 8670 377 4795 9779 7993 6615 1563 2587 1914 2957 3672 3691 5759 6621 8577 5543 5359 6475 7324 8924 7102 4550 8815 4893 8152 7131 3975 7872 3945 5843 8421 9457 6680 6948 5394 5555 5251 2680 5914 5209 9573 1922 2603 8474 9545 8103 4554 5446 405 9832 3659 3977 6481 5016 9664 7767 8748 4069 2751 8086 7439 451 2763 1167 2109 3466 9361 7491 8485 4001 3555 7578 5771 1142 5304
99 5207 3183 9193 2811 9518 2470 3884 1114 6883 9165 4307 9032 8489 2073 8205 4823 2412 9192 9094 3792 5990 7308 2634 292 9393 5305 1711 4203 2963 4273 141 590 8956 9973 8493 4640 5526 7921 633 1508 5704 6274 608 2442 8445 8495 9859 441 844 7049 2606 6308 2610 9592 6169 8264 416 6387 8326 1194 5144 2238 5862 531 1071 1869 5168 8585 1857 1571 35 161 254 2522 8189 6344 6341 2862 6904 9294 712 6617 6238 9434 3144 2154 5705 3328 5347 7080 369 4586 5806 5606 9198 2828 6625 1936 7851
97 6373 3190 6755 2836 2213 6295 5256 8532 437 2199 4360 5599 4539 4858 5153 4603 9205 4460 3469 6297 5847 1743 8565 5698 6184 6352 4921 356 5883 6976 8651 1287 9490 4352 9054 3560 3506 2247 6431 8861 3612 1014 1122 1309 2395 3930 958 9437 4763 8437 1394 1912 909 2366 6910 8656 9162 6836 6460 969 7894 6823 1187 2881 7464 1206 4584 1383 6197 1127 8113 513 1522 3399 1548 7299 606 8395 7407 7866 2054 7990 1395 7042 9390 746 4280 2376 9261 3165 8082 8427 4507 5217 7448 3462 9604
101 7706 1533 4818 7780 8079 926 967 9452 3346 6790 2940 9050 1620 335 4403 9788 5231 624 8250 9472 2214 6494 6647 5970 983 9022 9614 7133 5818 526 3807 2394 9993 6235 2616 7096 8991 6447 8127 9813 9058 9062 1327 2528 3080 5595 4553 1689 7314 149 9938 3798 8846 5145 4626 7063 7144 4189 2381 773 1470 7589 497 9492 5870 2043 8650 7470 483 7221 3639 8597 7551 9939 4702 6691 8997 5200 558 9877 1540 8877 7804 2352 989 6792 602 6782 95 7635 3690 3861 5602 7264 536 2235 3563 2684 4481 1882 4471
97 7499 2404 6119 9829 2088 4196 6143 4396 4212 413 7600 8696 9888 5239 6742 7269 2089 2762 9173 4227 234 189 8214 721 6200 6641 3852 3453 8400 5109 7277 8913 2749 1703 5682 8215 6432 4110 5462 1033 8756 6126 6920 1927 4536 3566 2825 8098 4004 9721 6412 9862 6415 1196 5161 4582 7599 5479 4231 6156 6710 9848 4506 4359 876 6908 649 9178 8136 5894 9092 5032 2746 1094 2716 1001 5858 6477 2726 9477 9974 4565 8328 4925 7365 1932 3009 9495 8826 440 1334 623 1331 3735 4508 7940 5576
100 7766 4930 8298 4362 1982 6371 6260 206 4797 8805 9543 8867 9856 6064 8409 8731 2803 8132 4059 6846 5486 6092 1466 2007 6296 3547 277 1070 4267 6916 7512 7460 4218 3128 7418 4787 5667 835 6556 9586 6715 260 6877 7988 9286 9513 1064 7364 5804 3317 1058 6736 7041 6562 102 8523 5517 162 2681 9730 3215 7193 3962 3674 3287 9800 9645 4025 4113 1505 972 5257 4494 9315 4000 6335 1884 8018 4459 2590 5790 7874 8332 9708 6843 4392 6713 2481 7978 8025 5725 7962 2480 5197 2036 3706 7034 9657 9412 8035
97 9213 2333 5670 1610 5193 8817 2133 8423 702 7597 1447 8271 1193 6720 8579 9935 2611 714 1035 5933 3565 5203 4564 3758 2934 8742 193 6566 408 5310 5240 7391 8729 9628 9019 5227 6733 5433 2956 4334 2515 6536 3841 2613 3075 9821 9138 4541 5434 415 5547 9238 3698 2122 8238 4735 137 5623 9112 6376 2208 7487 2878 3256 1306 251 939 1338 5416 7454 379 2569 1749 8738 9880 7206 9684 3138 2734 2012 3108 9394 66 4206 4503 7136 5089 6543 5488 9013 8786 3113 7887 6089 7773 2671 4477
99 2636 4194 3121 3064 6300 1591 8900 6261 4943 1953 5135 9365 819 8602 4209 1377 4996 5524 275 1861 4986 2108 6114 1198 1412 2491 661 1943 7039 8101 4155 812 5202 9237 3188 6882 3963 3734 4195 8258 6611 2595 3881 3229 840 1098 3168 1644 400 3484 7915 8907 8038 5166 9710 6964 6221 1195 3520 6054 2629 4604 6661 3944 1011 7302 1808 5374 5849 9500 3593 326 8713 5149 8108 3330 1406 7442 6418 3951 6901 6479 6979 1800 7837 9387 6487 42 9060 2946 1630 6879 3711 381 9527 344 7744 1427 3420
99 1345 2947 2550 4299 5376 8274 7765 4799 7899 422 4381 8812 3002 8431 4094 2064 1553 4486 6891 9079 4742 7961 3645 1354 2029 9924 4700 3379 8094 3647 6749 6639 567 2252 997 8283 5936 4282 9025 6474 5236 1045 5038 8954 5782 30 4159 8919 4453 1387 7253 4723 6353 901 2230 104 8883 1002 111 8007 6396 4160 5888 6911 135 2559 23 5190 2713 7490 6249 4997 530 7774 5958 1855 8151 961 2641 6000 4296 3803 9979 6483 7214 3088 2136 8044 2351 8225 5460 6084 9579 9916 7772 6315 9034 584 2795
99 9274 9223 3815 9322 6923 8976 7462 9550 5300 8681 3214 4755 8163 7606 1140 7011 359 2402 1157 4253 8832 3835 9526 1705 6701 3132 847 1784 7053 9345 7840 5636 6098 1930 4721 2529 9682 3474 8666 5402 9795 4524 2130 1079 2060 9541 9894 3883 3504 5527 2051 5895 5023 7585 8402 756 5584 8683 469 3770 2152 8902 3840 4882 2101 877 543 7023 1175 3449 8131 8945 8718 2322 6794 7912 5689 780 8790 7167 5180 9883 612 3931 8953 5721 2537 5366 6032 8776 6580 7868 480 461 352 7729 2465 3114 9405
98 975 5650 470 8624 2405 346 2919 3490 5607 8560 2477 2985 5886 9374 4489 3275 5044 7710 7576 4262 8798 2173 758 2231 2178 2981 9036 5600 9618 5219 1216 7298 829 9330 2884 5793 7566 4269 3454 38 3771 2510 7618 7040 4902 791 703 4747 5405 5431 8801 656 4178 9946 2628 9908 2329 9016 8601 4222 8361 3459 465 1923 4310 8799 2936 4563 2889 6718 5827 8680 4183 6966 9814 1391 4061 1870 6939 4071 4949 8974 2337 192 4143 7044 1649 1491 4340 7026 3446 9561 6683 3351 2399 4684 3126 8722
98 5003 4424 4376 9547 5399 1372 2011 1555 2969 1375 1073 8564 4781 3848 6244 1355 516 4402 1003 8294 550 637 6806 2970 6664 2813 3719 7738 2355 713 568 9703 3494 7435 1835 6134 886 3993 892 7721 5631 4850 1895 7697 3480 9358 9995 6753 9326 5264 3178 5172 1980 2806 4102 5762 3354 6227 4791 9700 628 1332 1467 674 9753 2250 4804 8090 4662 406 4724 4907 8917 8730 6786 7520 1970 5690 8355 8775 6779 5249 1913 4967 5562 8242 9105 7897 2341 5567 4717 7792 1154 4444 5969 1454 6662 8820
100 4476 5467 5155 651 2215 8403 5426 2456 760 694 3562 5994 6392 2345 426 9461 7213 4248 1981 6144 2885 4918 1624 1366 9493 5919 8850 7749 9008 8578 9903 4406 7847 8792 7375 401 8977 6934 1525 6403 5101 3199 6955 5550 1123 5475 5159 9531 6889 7246 4062 4897 2037 2826 6853 9959 5879 664 7741 8401 9275 2179 5769 9644 1450 619 3994 9091 4715 3378 5693 6815 6642 4408 4313 903 4961 8277 3819 5683 7441 792 8987 5378 3348 1370 1254 6795 1575 9846 3292 4399 5794 5456 9570 6150 5966 4341 3158 902
100 1147 4162 6814 5840 9004 175 3019 5568 1887 6263 1971 8133 2241 7121 367 2242 1741 107 70 2314 6587 6251 5658 2253 7010 3631 9111 5851 3385 2996 1326 238 1987 9563 8780 4146 5601 5811 5972 4391 2764 1770 3667 7605 5558 768 6242 4031 6038 9986 4152 5688 878 7674 985 5777 3858 8836 5253 9077 1727 5059 4201 5371 3806 7998 823 6374 3542 9630 806 1879 7971 4975 9609 1532 1265 5671 1307 8841 6965 6422 6980 5830 2654 1699 8623 6340 1116 9225 4845 8658 7140 9209 8540 5471 7468 6236 6284 6106
98 9835 2980 2106 8075 8107 6057 3226 2741 1342 7779 6563 570 960 5643 2847 4687 2022 7469 3297 5463 6514 6381 3394 9454 9854 199 9167 6040 7303 5665 4068 233 4694 1639 473 185 4709 266 4953 2732 1224 488 5275 9056 5360 3398 9465 7711 7175 7787 9384 6439 382 734 2066 8129 7060 9280 512 18 46 7180 2827 242 3195 882 5817 5954 1991 9048 2403 2147 1544 2915 5102 2334 8838 4952 6810 9021 4288 1963 3038 8848 6219 4957 124 9314 7976 9952 3116 1440 5260 1782 3518 2914 3177 7750
101 640 3099 5986 9068 8375 663 4502 3131 8429 5265 1606 3001 4181 4963 7323 7291 4905 3221 992 2906 1479 6075 1129 3694 4770 4594 8882 6218 3912 166 881 4890 7634 9953 9593 3087 8433 682 5287 887 5518 343 1477 6928 5706 1793 1708 3055 7610 1965 496 569 3998 5573 9692 2497 9402 9857 6599 7341 3105 5030 3820 7850 5993 2508 5589 6709 4180 8417 1431 507 1751 6981 4117 7174 7838 4790 4409 3204 54 6493 5137 9529 8631 5478 8188 1640 7596 9408 2722 9566 5504 9672 285 4644 3805 417 7666 6100 3393
100 8011 2116 1010 4060 990 6830 6124 8386 3435 6093 5470 9281 4969 1574 4358 8710 6234 9246 4034 3307 6950 5803 6766 55 9232 2720 9083 6857 1998 6988 6099 4342 131 9102 2071 82 5626 5283 8027 4937 1600 6559 1565 4435 5735 250 6674 8528 7938 202 522 831 6041 1687 3267 5485 9089 3613 5905 150 9675 1202 6313 2298 2642 9368 6451 8064 1910 6441 660 3308 7280 9868 2186 1552 3089 9172 4232 2302 7807 6812 1298 1833 7256 6326 1233 7315 1824 1578 5760 1891 8692 1173 103 7077 4922 4822 6684 1239
102 3692 3787 6071 7715 6530 4656 2290 4820 2449 479 9706 4931 7498 8130 4016 8845 9134 6293 980 824 7795 3743 6230 4154 6183 1141 8200 5738 431 1038 2018 970 5028 8023 9139 6844 8024 3541 5307 3527 73 7670 1297 3587 950 6407 3655 1402 991 3438 4067 1747 5006 7123 438 7268 6604 6052 7098 6204 8022 4523 7033 8141 3772 2282 168 9202 6838 6195 8067 7317 9945 7288 5569 113 3764 5448 2599 6456 8975 1690 3987 4044 547 9656 2502 3405 3383 3448 6774 9116 3982 5113 2358 908 7628 7237 3925 3374 8482 9343
99 3503 421 3261 9996 5798 9542 1916 6972 2857 740 8126 4754 2586 2161 361 8616 6545 9204 5308 4766 9291 3818 1757 1337 3497 9646 1664 4752 1860 5810 4839 6471 9183 2033 5233 8424 5801 1403 3447 2879 1801 6722 9942 4769 2135 8737 481 669 3521 502 4385 8469 9185 7153 9046 5825 813 3345 3789 7017 1358 2038 2475 5554 2055 1272 7183 7358 5505 5196 5890 1838 7029 4105 1257 5844 1955 3501 2114 641 8303 3482 7227 5031 3427 3218 1817 1384 6059 7643 4693 5887 5985 4095 7151 332 3097 8745 1163
98 1886 3729 9059 7319 423 5684 1435 6393 2308 3949 9051 5025 597 8331 4596 1434 1304 9517 5293 3540 1042 7185 4566 3082 1781 9594 170 6657 3788 4461 2306 4318 5469 899 9726 9470 2260 5127 4428 4677 152 6783 7695 8013 2121 3567 8405 6063 7216 1645 3512 4397 718 8810 8001 3651 2233 2119 5786 8074 4556 9057 3157 3301 4888 8093 3693 6179 3107 2255 7514 4678 5107 7684 5922 4753 8045 3036 79 1517 7568 187 8996 2924 757 4612 2344 8543 9438 3592 7748 3626 1462 7808 5544 5647 9588 5885
103 2492 3050 4821 787 1076 5609 4465 8575 737 3028 7138 7677 2416 3434 2417 8542 504 7586 9879 670 3176 4669 4581 2561 1347 3134 3231 879 4058 342 2982 7752 9864 8470 2632 8039 525 7506 5756 8167 321 8960 1295 1547 9898 1952 1789 3209 8942 9331 2263 1893 4421 1667 1501 9847 5740 3816 4147 2436 5021 1149 5208 3536 7768 5854 4423 8522 4642 8750 9020 252 6558 2921 9525 4749 3510 1659 2623 3619 286 8104 5906 4414 1507 7349 9505 3068 4448 6002 2107 1990 1252 8908 6468 6541 5199 2396 1218 499 8818 2952 8740
101 9780 6167 3440 8814 2652 8452 128 4951 6385 7896 8936 7129 8043 1907 5156 8773 3875 9096 4515 636 4387 8863 63 9998 2157 4516 2604 176 9370 3904 9997 976 3213 8032 8450 3124 2028 4628 9160 6554 5509 8762 1924 8062 4861 4173 4878 6276 9784 1451 5763 5112 3411 9010 5884 3969 2785 118 1718 9353 4697 2792 5672 884 2221 2601 4609 3444 789 4109 2471 9632 4497 1128 7667 7485 3644 6967 5466 8109 820 5559 7384 929 5809 9851 6097 8069 4429 8928 4544 1439 51 7097 5731 3416 7381 5711 9399 679 1419
100 8521 6985 863 6704 3139 8224 194 8529 8121 731 1809 2649 2958 9867 2556 7943 4469 9041 1944 8500 2892 7333 821 7199 5288 316 1171 7247 7456 9504 7933 4079 5648 371 8769 1357 7856 5324 7609 6248 8990 1642 9297 4140 2105 3579 7575 452 6907 5098 4350 1848 3189 7190 841 3800 6455 2651 1917 6740 5501 1693 4978 8567 6829 5596 987 8938 4165 1223 4617 5755 9481 6652 14 8895 2138 7350 6768 9312 5951 9313 4545 834 5055 1774 4950 1364 9277 7839 4019 5273 7671 7511 2740 9732 7184 9853 3950 2775
101 8053 4370 3856 6597 1537 6583 3726 7775 6438 7974 6897 5620 8674 3578 5594 4505 7378 4339 3264 2849 2683 2955 9145 4689 9044 2458 4291 3632 6864 4773 9451 6031 1487 3755 3500 8229 6070 3251 11 5363 297 1736 7828 2739 7501 8935 156 7946 659 1352 2971 3343 5512 5037 1086 5987 2711 4750 7981 1951 1767 8537 140 3101 9816 3679 7645 9943 7348 9295 8237 2938 5277 2384 9783 3048 386 7653 7463 9146 9523 5282 9346 5040 3967 5369 7155 6322 4389 1864 7209 3561 4991 9090 8561 6862 1569 1113 8880 4451 4803
98 2578 5071 1635 9502 9155 4731 7100 8844 243 1156 2979 4225 2554 353 5681 5821 6914 9548 130 9622 2984 8719 8620 7854 5414 6922 681 3669 8456 6324 5184 5136 7755 1153 9557 2568 6273 1262 2694 7776 1385 4266 4204 601 1244 7316 5932 8142 5939 8341 8673 5395 4148 6890 9426 6555 1343 6885 6973 4320 2866 4843 5582 191 1691 6741 3670 1704 8122 2953 2156 4874 1289 5299 6358 9562 6452 7493 2598 9283 6252 2397 7712 2163 8892 9445 2738 7564 6190 2602 2548 604 3418 5081 4337 6670 3033 1176
102 6436 5941 9987 7534 4928 4274 8233 521 5000 1148 3437 2774 9693 6767 4629 5247 269 9248 1851 2794 3034 7261 8340 4698 8512 9520 6073 328 7156 2779 7178 9066 4217 1468 5092 3408 896 5259 6096 1969 973 4498 3980 4190 9572 4809 2837 7890 2286 1237 3365 7885 7343 4711 9024 19 546 2967 4864 8367 5783 6193 1849 9284 6246 6484 6578 157 562 4699 1414 2093 5018 5921 8466 3299 9988 5747 8607 8509 6633 112 3270 9790 8708 5638 3696 4485 1292 4971 4012 1543 174 3370 4999 3910 8325 4764 6085 9512 4936 5243
103 6796 7354 8671 572 5246 399 1775 1290 8077 6861 3594 8569 8988 1219 9299 6974 7963 6333 4455 4891 1949 936 2870 9403 7613 3395 6237 3754 8408 5999 6777 2180 6400 7929 8112 2222 5128 7003 8448 9282 6291 9575 9641 221 9601 5940 5934 6112 8310 617 8092 4432 951 7079 2558 8929 7968 4879 4942 8019 1480 833 4720 8353 1506 7240 1761 6269 6705 3288 6915 4096 4484 9539 8772 3923 5831 6006 7620 1266 197 2908 396 7502 9728 1688 1950 5639 2057 3319 4127 8304 474 6377 148 6082 5204 6676 3425 4163 4089 4965 6919
103 1360 539 87 9663 8922 248 9887 6108 9106 1031 2058 1888 8941 9670 8665 8520 3228 3163 7979 4115 8477 5409 2542 4660 9941 8059 7716 912 7014 7782 1474 7960 9873 8249 5163 8793 6278 384 4869 8426 8235 9936 3091 8307 6692 7404 7015 4540 8481 6270 4187 1986 1896 7390 2905 5341 1190 8504 4184 7218 1985 3648 6721 3837 9876 2759 776 7408 388 8480 6856 7957 802 9227 3026 6526 9410 4064 5449 5183 331 7313 3513 17 2505 3414 4634 1721 9666 8837 8291 6687 8399 564 4082 5045 6819 9319 3081 7903 4560 8406 8486
101 3243 6401 5065 7283 2476 6622 1960 449 3681 9002 3917 2850 2104 7078 6426 1199 3130 755 1905 3718 7529 8012 3415 249 3898 8864 6355 1919 8317 7649 4347 736 6663 1790 2265 9731 6723 7013 8676 7082 4597 6363 1996 455 2275 9488 6884 5852 3106 7336 3516 9027 6918 4365 3614 3318 52 7626 1405 3941 6560 9872 1130 1353 9970 8615 3428 7357 7344 6636 1286 7322 3866 1185 1939 8961 5316 8915 5495 8245 4683 1599 7955 3315 7471 305 3957 8334 7494 6506 9796 6791 6971 9634 4726 139 2975 7621 9802 236 4097
100 1546 3248 7135 565 1461 3742 1318 4585 4514 9798 7238 4883 7055 3744 4972 41 5715 1798 3284 3475 3194 8162 8159 4526 3384 1034 9740 1828 7672 9379 5473 7855 8646 4619 2931 4256 2281 8080 5295 8668 1841 3309 7934 3991 7657 2031 9378 4101 2758 8921 8918 364 4383 6489 7201 9150 6226 270 9302 8478 5084 7208 6257 6906 1646 7095 349 4538 7400 4470 4488 5952 1988 2729 404 3804 3280 3606 2361 2698 5507 1240 9230 9984 8842 4571 763 3558 4794 1519 3598 5545 2799 4881 4065 7698 2648 7393 2743 3728
98 710 2650 9115 6761 1312 8324 9969 4287 5754 5960 12 4076 1028 5739 4716 7862 2535 4323 937 2787 999 1368 5451 888 3334 3634 7793 7879 4335 6586 6453 8008 2951 5235 3145 4620 6759 2349 6936 4474 2080 9747 794 3015 5213 7332 9439 3167 2158 848 4776 9775 3889 4624 1614 6714 372 5100 9772 2523 3086 7941 9131 3010 7809 6852 1962 2609 889 9266 8020 2301 2195 2002 1585 1854 5302 9482 4121 3266 2446 2605 3966 7377 4578 6544 5201 6323 7310 1926 1942 9149 6518 1866 4191 3505 6886 8312
99 3701 1399 4672 3339 49 933 6142 8573 7130 9257 468 4135 1229 2580 50 9448 5615 5621 9577 98 4924 3023 1883 1972 8479 9805 503 9528 2725 99 8627 6708 2798 2540 6802 8967 5925 432 9117 5989 7427 4867 2546 4892 322 9786 2410 3657 7191 8202 4722 9375 3582 8746 4968 9699 8354 5435 340 6145 5635 3796 2016 1844 1843 3952 3472 7226 8055 871 1049 2236 7429 1369 1062 4696 77 4185 3053 6250 5014 494 1336 5891 4422 5319 6440 9003 1320 6894 6850 2635 1551 6603 2387 3964 6758 3357 3300
100 6579 4889 9615 9189 9607 3556 4242 9218 8230 7355 4736 246 5726 6899 6743 6375 7523 2084 9478 5538 9201 774 2164 9511 6025 8588 3710 8869 2942 9441 9052 8273 2207 4746 4511 515 4719 8969 8548 1549 313 4520 133 709 9119 5311 4600 8265 4894 69 3207 6992 7881 4319 3640 6380 8296 4211 1220 9746 9462 554 4528 2500 6026 8216 5556 4954 2714 4914 6990 5529 1992 1616 9619 2069 39 3219 7939 586 6903 5160 3826 5613 5611 4482 4132 1878 6503 4324 4944 4670 7867 672 7519 1795 3739 2797 129 8239
99 155 8234 1077 4831 2039 447 9071 6035 4588 945 2923 4393 3857 5357 7778 4255 6675 3476 1017 2845 8276 3488 1662 3715 8840 7419 8965 2829 1473 7025 8161 7182 4900 8952 5057 2228 6465 7836 6302 2327 4608 3514 2541 7790 7356 6104 6711 6429 3014 6825 7548 2768 6338 2204 7720 1958 4293 7488 5327 477 5043 9263 2356 3387 1251 6442 5427 5797 4557 3040 2893 8119 5130 6105 5557 3876 9328 2257 1268 8853 7691 4303 2565 8989 9985 4903 6930 7482 7858 6902 8195 8268 6445 5487 6050 1235 3054 8622 765
101 631 89 8254 8767 96 8590 6158 5696 2081 6077 7656 6123 9771 9069 4785 1315 2165 6012 7 7368 2752 9789 593 4532 5632 3159 8003 9792 9852 9497 2240 34 1177 3045 2274 8261 290 9014 5215 145 7743 849 472 229 117 5581 9760 8753 7091 7598 6180 6581 3347 8192 8207 8516 271 2926 5974 6666 5832 1325 9820 8672 5929 9960 3853 8313 2177 1698 3160 7345 2139 566 5707 9137 6593 8336 6372 1671 632 864 2922 8357 309 9962 8281 4806 2087 7173 1582 9421 7337 8072 7558 3725 719 627 5292 9254 5056
98 9035 4851 8507 2431 1625 8909 4198 5455 6577 5591 8383 6383 4045 2338 4573 2841 9391 6607 1228 3117 6457 7024 2014 5506 16 7458 8201 741 5370 9289 2284 132 302 4261 8702 4836 3100 6880 4808 4311 3653 9397 207 2184 3076 5859 7475 5237 8825 144 7233 9349 4259 7497 4309 1845 4984 4395 6463 3241 5976 7923 3169 2661 8679 231 4829 6568 8667 1301 6956 295 6289 582 7115 3291 2072 9290 8472 6133 7875 3424 9701 2357 7279 5889 1791 8591 2619 3761 6384 5752 8327 1605 4438 5778 5860 1559
103 4400 1413 595 6186 1091 9957 8288 7911 3797 8171 4007 4811 8374 9890 3196 1214 3985 4176 6162 3765 7785 2096 5087 1043 2454 3201 3649 8639 6827 9620 4216 1458 9537 8866 4859 8360 9251 2261 2285 6765 1040 8725 2977 9992 6395 6989 3242 5266 5956 2243 6585 6327 9934 1889 1579 3817 9151 5551 62 9807 8316 3460 9824 5398 859 4712 5 2735 4857 1956 5400 6348 5349 7914 1246 5115 7555 687 2299 3531 7292 9241 9552 6500 2733 3274 1509 4938 1787 3532 2588 8087 8881 3663 7318 2205 8373 4673 5649 2622 2682 8905 2668
98 9040 9132 7411 280 3141 743 706 2788 165 7617 6731 5344 8884 6804 7200 2688 4457 8497 8804 8955 7141 7007 2249 1133 3583 1101 7252 9428 2008 6784 9825 9141 3974 6646 6116 4664 2770 6860 1493 7834 9329 4388 5465 9647 867 4263 4559 4236 471 9031 2666 5712 2607 2640 7339 4833 3766 6929 6957 3901 5542 7857 1904 8160 7944 59 9442 4010 8557 4926 4815 92 8455 1602 1596 1388 7436 7989 613 5425 8637 383 3011 3780 5873 7160 6508 1236 4404 1663 2997 1556 6840 4946 1340 6209 711 8165
97 923 5502 8021 5983 7902 1823 6378 6813 8102 9717 3581 5944 2647 1707 1568 921 6478 1279 826 5902 3153 9194 7742 4533 2784 7236 4033 154 2678 5407 842 6285 8015 8280 7211 9576 5162 6592 9812 6039 2973 1316 3361 9624 8856 5334 4131 561 6410 6159 5340 2498 7629 4361 2348 190 7204 6875 9122 2448 6757 3250 3070 2814 8926 8610 4658 8155 444 5732 6495 0 8712 8871 5520 8660 2217 2756 2731 1807 475 850 5823 2901 8963 7812 3570 7524 2804 3029 7276 8306 5984 2853 1717 7696 7422
104 5497 6212 9724 9288 7952 2006 6009 5443 6473 7251 376 4466 7784 3119 6629 7972 6450 1676 3721 1478 9268 357 1021 2077 5491 6188 2998 6254 8906 4758 3289 7733 4865 576 1449 3611 7553 4654 8806 4112 1445 8749 6799 5578 7059 7996 7922 2986 1106 3643 4138 3259 1786 9433 3249 3935 1132 1401 1696 8410 2560 5286 208 9884 9565 4302 2512 7573 4977 5315 4837 2533 2679 8047 3056 626 9496 2697 2618 1769 728 8267 5776 1497 2589 1709 3995 1430 9226 8305 9224 6672 7351 9963 5367 7503 7859 9334 5024 3485 5122 3090 1925 4827
99 4479 6264 5429 232 3164 418 3276 5103 3821 2891 4602 6496 7936 5123 8041 3187 9759 330 9900 5223 8002 5068 5640 6548 2530 7395 4812 5335 4771 2626 9793 31 4707 420 6820 678 1528 3654 500 6716 1796 4257 3777 2328 8822 9029 1839 1806 7863 1210 1701 4425 76 6053 8282 9256 395 6538 4751 7410 9919 4304 9944 2820 9896 5165 1562 4437 8272 4475 9891 6780 1915 9515 7693 6945 7267 1660 5869 4480 2126 6303 8574 8546 6198 5181 7036 183 8985 5666 9473 9087 620 9127 2218 4728 446 3304 9844
98 7030 6109 85 3451 5445 5353 1541 7297 524 1211 2690 7067 1515 9324 2964 9690 6411 259 6667 7009 4144 3073 7405 8323 6969 4666 4668 2433 2710 4327 8583 8896 9705 778 6168 6510 8728 7786 3907 6464 8690 9153 9414 666 5392 4576 9757 6339 553 5930 4412 2167 239 8765 7864 7382 8648 5565 8065 5099 3125 4920 2283 6634 6868 9142 9831 9171 2913 3617 4024 1264 9597 5436 1935 7483 4599 1271 3489 3030 3680 7648 3549 7718 6079 1280 2440 7584 2474 2939 6449 3874 121 7658 3278 6873 3551 2989
102 7973 5961 3479 9674 7505 2 101 6747 5837 2707 7099 20 1738 7181 419 874 9923 2411 3464 8499 2194 9914 9498 4611 8349 8829 8381 5920 1626 2390 8545 7225 4103 2419 9182 3403 8828 4621 15 8263 1700 3332 2429 9980 7759 3162 9637 2148 4275 535 6265 2976 9352 5861 9487 1131 4450 1670 4321 1871 7255 5924 7561 350 3676 4420 4748 8037 8758 9404 2061 1365 4898 3349 2487 5813 1973 9809 3373 8052 7622 7386 7623 3237 2335 5700 2479 4562 5177 2553 7166 4649 2501 9413 8209 7644 3461 5088 1448 4695 1979 4188
99 7278 8925 9681 2128 7543 6727 2760 7051 1006 635 8257 9380 7893 5104 2082 2709 8256 1609 6797 9108 4568 1526 4254 3828 6998 7931 410 4380 5046 4828 5946 4083 5318 511 9321 8475 6349 3303 3421 6898 7817 4908 9804 5075 4572 918 1846 75 5077 6368 3406 4983 2945 2890 5195 9323 2259 9918 6690 7117 5274 9654 1282 7194 3885 3223 7089 3450 8851 7271 528 8422 2660 5210 3928 8089 5343 6640 4725 6700 9901 953 7806 9616 2129 5856 3208 804 6946 433 8885 3914 2721 3493 7958 29 7474 984 1633
98 814 1381 1601 1379 5947 7093 4442 3060 7675 8362 9582 5583 3546 5157 5580 6058 4934 434 7507 7913 9886 8049 4070 7967 6858 9400 9043 5216 3246 8384 2838 348 6199 1811 897 2948 1425 6175 686 8212 7128 7037 4767 5297 559 9190 744 3769 6961 8979 8823 5279 5651 6361 5746 1415 4955 3222 5846 8525 9006 1459 5898 9491 5719 2860 6605 6292 2706 3402 9833 4886 4625 8807 7673 4454 883 3092 5041 5784 754 3896 2992 6754 2293 9551 2882 4979 4368 8454 4518 6760 6174 4011 5564 2313 693 1367
98 240 4087 8404 7165 6163 3210 1441 2585 8106 7538 3065 1873 1054 293 1516 8220 8721 3664 1829 4948 9174 9363 1180 7108 1536 8269 1745 581 588 109 5401 91 9926 7700 7651 2495 5903 8339 8158 4289 3511 9468 8462 6959 783 1090 1274 5533 2637 159 2506 8781 2374 5532 2848 8796 6824 4618 655 2118 9695 7900 4826 978 6272 3279 3507 5001 8704 7541 8398 7975 5420 2092 8179 9556 4639 8389 2469 2929 9389 1732 6253 68 9130 5138 287 8636 9769 9244 2224 4316 845 7257 9125 3468 3118 5560
99 940 9366 6847 9460 9967 2880 3021 1284 53 1231 1590 5438 435 2987 1281 5418 4213 9001 6643 3688 8911 2659 1339 2978 6321 2297 5515 8247 2509 915 667 5296 5868 3058 7028 8937 2254 5174 6542 6196 6807 8187 4774 1111 5151 4873 3759 2392 4345 2488 3768 8971 6229 7876 856 2805 8378 9427 2994 7563 7467 2369 478 2728 1438 7699 1832 4022 6991 9187 4601 6527 4314 3235 3508 4047 1550 7265 988 7734 6435 2211 2966 1647 8608 4234 8642 1232 9396 7791 4884 6019 5140 25 5312 2631 6149 2413 7122
102 1954 2499 390 8536 3273 3404 6398 9463 537 6519 7873 4679 880 3722 6022 7660 4042 962 4175 7937 258 7713 5326 7745 979 9837 1653 354 1112 1825 7189 3940 4708 6369 6259 1673 8342 8644 9359 4574 2518 5094 2887 412 7118 8432 1682 3588 2439 7457 2944 9889 58 6628 9101 1618 8140 2524 8741 668 9221 2646 5822 3808 7920 8390 9065 9567 3942 8711 2168 8638 3352 115 8411 827 8703 5699 4756 2962 8566 9842 949 2564 8111 1686 2005 7282 7207 220 2801 4759 4786 7287 6693 8175 22 501 6809 1207 4077 6111
100 1634 9698 9954 2911 4529 9203 9064 4375 517 8978 4637 4172 4182 339 2933 7611 7235 2340 2904 9631 1876 1192 6540 6900 6245 9214 2099 8146 6995 1203 253 4627 1044 201 1714 7977 6288 4768 9211 3262 2972 7994 6334 7307 3900 3548 2943 7002 4959 9787 771 2496 2268 8344 5714 8368 3193 1046 3329 9499 5052 6331 650 5320 1302 2294 3724 8682 2388 4156 9196 1679 1716 1901 5701 5911 2783 8675 3363 2968 2507 9267 5124 6651 1400 2317 9691 5812 8852 9881 9376 3870 4569 3571 4013 3265 1188 3913 7222 1604
96 5472 7756 3834 5148 2925 4298 1105 6498 8584 5244 6117 8435 116 108 3850 9123 398 7970 9743 345 580 5185 4966 5175 4270 2409 2557 8222 312 6835 9070 1453 1685 6467 7632 2517 7739 222 7801 1197 2581 7633 5362 6831 5917 6869 7798 8663 7086 7803 9764 6997 855 4111 4561 9009 6062 4020 4221 6206 5774 4593 4158 8677 556 8800 3372 750 2332 4066 5461 8875 9293 7901 7590 1299 3948 7489 1255 2273 1259 3422 7521 8619 378 6072 3285 9506 7689 5703 4040 9827 9683 8558 6443 333
101 7747 534 2296 9420 7066 9948 6402 1170 5346 8526 1411 6010 5772 3173 1567 6787 6181 1063 2461 3760 6986 6045 4202 5198 5496 8211 6610 7886 3052 8297 3417 147 4041 7149 3127 6043 2875 905 1476 9679 1293 3968 2886 1785 9317 7021 8134 6516 9925 403 5105 4605 5412 4142 4976 5857 4701 6129 4710 6917 3627 8518 8248 1382 6225 7870 9602 9578 4199 4114 8904 6529 6573 1754 4292 6319 7811 7544 6127 4686 3186 6745 6115 1802 2954 6029 6725 4168 1457 9364 2627 2633 6594 7035 8654 8095 1780 9697 8916 7533 8727
98 5314 2715 4372 5440 8697 1048 9307 8787 8830 977 299 5403 358 7020 9910 1668 3386 5807 8511 3103 838 6817 3436 959 8897 9532 8530 9669 1500 2672 5078 3638 6394 307 5912 7163 3702 4440 9055 8335 4911 5668 3185 1277 1050 698 106 8385 8105 7112 691 4250 868 4344 9961 5356 3600 7074 301 2463 3180 7495 7111 1978 8046 4369 3441 1124 6370 5229 8311 6472 6602 6101 2687 163 9197 1737 2467 4441 2669 1755 3893 2339 7908 5675 1588 7414 3671 4371 1380 5011 724 7964 5457 3024 5872 4676
98 630 4426 7383 732 4017 261 7727 4271 7197 6290 4078 7223 443 4332 2272 2074 2024 347 6454 1109 1087 654 5064 7142 5741 6310 3894 308 7966 3891 5768 9084 6364 9018 1826 6354 7195 6459 2326 1586 8862 8415 256 9357 5802 7570 2342 994 8040 1725 6696 948 930 4223 5328 2693 1748 6706 9850 3943 715 3915 8322 1138 7425 4464 4038 8766 1842 8994 5481 6262 8872 6154 2444 7917 1713 5382 6654 2017 9007 6359 4133 3662 6746 9955 1029 3431 8795 8759 460 3753 9972 5991 998 2917 1276 7681
103 6686 6074 9704 136 8720 8029 563 3687 9964 1695 1404 8901 2191 3098 6003 9521 1165 9770 9097 2083 3377 5079 9279 8779 9589 2258 4456 1621 6013 6571 1209 3152 9713 5522 800 3018 5637 397 1538 1897 1075 931 4847 9870 4390 934 8048 4832 1733 1735 3568 6645 8980 9273 1665 7603 5669 4998 769 7359 4177 7726 8083 3595 6448 3938 1145 5590 4333 2256 8315 5387 4778 2401 898 6160 9392 272 9688 2696 5351 6926 4558 2415 5062 6748 7688 1777 2430 5070 4772 9316 26 3955 5294 723 591 5164 2563 7619 1082 1921 7231
101 1137 6893 2336 3830 4575 78 9768 4871 798 8802 993 6982 1810 8196 6590 9494 4015 8726 625 7263 7388 2295 9450 5630 1269 3161 8498 3298 3069 5874 5388 9409 1059 6444 2809 8847 5770 5178 4788 1894 1819 8284 5134 1152 3646 6650 8071 7085 3049 1074 9794 9981 4802 4394 2020 1200 2223 3151 4246 7884 2545 7942 6728 7761 6821 6424 6068 762 6317 2928 9965 7788 1437 3791 8634 9388 2503 6958 498 4085 8241 2867 3584 4527 6637 825 1677 4813 1349 9610 6550 3601 3110 278 9765 4579 1423 8888 6677 1083 7161
100 779 2386 5192 7954 5833 9239 2478 5913 2324 4509 9011 8010 575 4220 9338 4992 4681 6051 9301 9606 7928 8370 2777 9799 6739 3254 873 2776 4473 8078 2468 5977 9507 2380 7478 2525 7604 8123 5377 587 5753 1661 2621 7157 1065 1726 7104 2547 6028 2360 684 1613 7965 7685 9613 8125 8231 6842 7707 9103 171 7615 5117 9711 6773 766 8387 7428 3039 4570 1456 4933 9039 9584 2793 6874 5878 3095 3596 4072 7631 2579 8502 1103 4616 8865 5723 9252 3906 298 6771 5743 2371 7760 2462 2210 8139 4128 3465 1135
99 9686 1248 3067 6865 2638 3296 5598 3062 467 5716 5499 5572 6316 6141 2639 5728 7396 6214 2702 8061 2544 3686 9777 5483 3426 3720 6210 8752 1317 9897 8329 1898 7515 8014 2123 6509 4382 4445 4014 7304 3660 5152 9933 6808 514 3860 2656 7243 4543 8831 5511 1529 860 9233 8057 1363 6682 464 9012 6309 7704 8618 2960 943 8114 9347 1469 1728 8723 5841 917 3200 5383 1674 4744 5900 7072 1020 3697 8464 748 4960 733 4598 3197 5323 6231 9415 7927 520 6848 8124 2408 9308 1025 2115 7950 7397 3535
98 7481 7830 852 5850 9175 7154 5333 7762 1125 3872 5757 247 8943 4009 3012 2000 1612 9983 8605 2185 1022 2362 5330 3382 1374 725 7212 5733 8084 9625 8226 6689 957 7372 8042 5585 5574 3886 8255 1051 3206 7612 7770 2303 3564 8503 5949 7451 7447 5270 956 3016 228 6512 5476 5004 3182 1488 9544 2869 9444 6132 37 2316 3668 4493 5262 5553 8005 538 1557 2094 7740 4100 5036 7861 2370 7012 3120 932 2171 1039 8446 5788 2318 7334 6618 1305 1570 8440 2053 3205 5819 4283 837 3283 2765 5361
100 7389 1227 6379 2434 1836 2111 3017 6655 7146 1392 4398 8983 7046 6406 7513 7539 7352 1940 4705 4775 505 609 6421 5644 4877 3677 9484 276 7764 3855 3234 548 4613 1589 2067 2076 523 3703 5421 2747 592 9220 7340 9696 3326 2856 7532 2354 6482 6213 4501 2737 2363 7889 380 2614 7019 6523 2062 486 1531 4430 2830 5897 9449 7027 5727 7717 6258 6623 7932 3810 5659 4417 928 3607 5695 7403 8483 2153 8649 2113 3888 4349 3704 2451 7245 8004 3633 43 6083 8208 3244 1875 1330 7159 2427 1957 2932 3933
102 1158 300 5186 9435 9000 906 3838 4784 2773 2197 4714 4635 2757 4641 6656 8550 4235 6016 9928 1139 8028 8886 2727 5534 2131 6208 484 1654 8240 7031 3006 3749 9650 1027 3146 7821 6876 6152 1134 3202 6528 9912 577 6624 4525 3628 7455 6428 4139 282 1756 6434 3211 7556 9509 3851 9640 6314 2494 4027 8589 2791 3322 836 7071 2269 7945 6854 9154 3066 375 4251 7320 2319 4277 817 9053 6762 1088 8899 9905 6491 3937 1490 7641 3846 4490 337 6486 1880 6118 8150 1424 9931 188 6533 2689 6612 5957 3115 7137 9738
102 699 1183 3778 9099 3793 8266 4981 9466 7574 1422 9727 9719 4842 9546 2625 5337 1000 6037 3325 8993 5679 2372 7374 7668 3873 5493 3774 6286 8270 1483 7737 7262 6138 9120 9216 5022 5422 5718 3530 7171 4863 2172 2789 7176 6895 5713 291 2873 9260 7369 9085 1446 8508 7701 3344 2102 2897 9245 4416 237 6217 2991 7935 2781 9571 2513 6660 1881 1911 5909 9608 2251 6325 4636 8562 241 3035 1853 2406 2596 9874 3899 6446 6362 8910 1739 6336 6832 3391 5646 7601 2182 6638 621 6584 2232 6833 7259 4300 8198 2859 7124
102 7692 3573 9978 1794 6751 6630 9072 3094 7148 2817 2974 4876 7827 2155 6033 2225 9803 9600 4548 2685 6277 895 1632 683 458 9464 7528 7127 6113 600 47 7466 4419 5997 6166 8688 5605 8221 7234 7444 3467 6724 9467 6223 7321 772 9626 3859 5182 671 7215 4374 7087 9163 1294 6466 6788 4434 2796 9038 8572 374 3934 3972 1160 2407 7665 9049 3597 6729 7627 4052 5271 5355 9176 2851 8995 9144 3388 2368 8797 9913 3707 4941 7177 7440 1433 8630 9355 7048 7891 2246 2216 5937 3147 7860 2935 1840 2582 2097 4840 255
99 7669 8934 7446 7953 6365 9636 7203 1245 3714 2576 4993 8874 2854 8419 6703 6409 6320 9508 8949 2019 2343 7906 9061 4913 4167 2670 8487 138 1615 5069 4995 3842 6756 2052 6960 8592 2026 3499 1015 9250 9207 900 2200 1164 3227 3008 5530 6502 2059 6416 7985 5908 9276 8347 8645 411 6588 2365 3809 6921 9159 3675 3650 4623 1504 5171 5118 2736 646 126 2270 110 3986 1041 8686 7800 1429 1499 6678 8824 7546 9271 954 3293 9385 2424 6024 9371 7106 2145 3746 5510 5742 7683 3179 3078 8279 1983 3843
98 3869 1455 4229 6121 3203 5826 1 6048 7000 8626 3849 8803 5737 9186 5126 7607 9611 7947 9107 4051 5230 4170 6187 2435 3111 3673 6620 4667 6135 2705 213 5272 1023 6698 4853 8811 2140 795 5546 5614 3932 2990 2203 7731 7560 4125 1558 2292 2888 8088 8115 5674 5029 5953 3022 4028 2300 7076 6173 5248 700 5306 5677 8117 942 6095 7638 4739 966 4405 9522 8073 2227 5548 1560 5500 2927 9580 846 9042 3813 6565 6522 1762 320 230 9755 2078 4055 3498 6004 4377 1518 3824 5232 3004 4517 8598
97 1030 8174 1249 7068 7224 2750 7554 6789 7266 7244 8232 5480 5749 9519 8958 6081 7924 6060 5617 314 4713 4005 585 4692 2708 7088 5570 7205 6164 9337 4855 8096 8940 4126 1278 4530 4286 4411 1603 3390 4357 642 7294 8581 5158 5234 3658 4690 169 6343 9430 5805 1989 3085 753 2289 676 7353 751 8262 9310 7753 1420 4137 7802 2755 7918 6822 6770 9744 9651 7709 8451 4659 6332 3776 3984 5331 3217 9904 6658 4729 8576 811 8252 4418 9810 5597 3380 7783 6616 8299 6996 9240 6501 5010 9791
99 1460 1694 6644 996 5685 9200 427 2244 1393 6228 2865 6697 7360 5026 9758 476 2035 9845 5789 9828 3 3342 9095 8473 7338 6845 6811 2822 9558 4915 7228 5114 3335 387 3487 907 7109 3961 9425 2484 9318 4215 3096 8026 8295 4210 2552 9734 9673 4197 9332 3927 7781 3314 9595 7883 5358 7289 5767 8197 8556 5072 7293 541 5604 7595 8878 6243 1032 4824 6608 1771 3799 7835 7869 6430 7552 7984 1772 9574 9255 8190 7557 3432 6535 7484 9643 5303 7069 6161 8184 4119 9633 9720 8777 1093 8891 4029 8434
