12 8890 6274 4569 1229 8197 7419 8162 8305 3956 4401 1367 5753
3 7468 8895 3705
7 7013 3022 9049 9750 9048 6933 8091
18 8773 984 7769 883 894 7904 6444 4912 6105 3935 1136 5524 6637 393 6295 4402 8080 3035
9 7227 4773 3568 6869 2820 1426 1091 1825 828
5 8227 1411 8905 1216 9648
8 2418 3507 8885 1156 8714 8802 5685 5362
13 7716 4639 5233 5326 6055 7160 9323 1950 4737 44 5775 5811 1680
20 719 4154 3420 3701 9836 369 74 1561 3570 3161 2204 5339 5741 8633 4298 1881 5410 3287 7350 3781
5 6252 9579 6548 9082 2265
11 9121 7492 2051 5097 8946 3091 1089 5275 6817 2836 1653
5 3647 3088 5190 1425 8980
4 8670 3906 4675 1018
2 2384 7678
24 1178 1177 2173 7595 3290 7278 397 2667 514 5878 1934 5314 490 495 2400 8863 1351 8927 3504 1380 479 966 7964 6533
8 7948 40 2267 3132 2650 140 1935 5817
11 1135 9392 5171 5763 6612 855 4015 1274 9178 9417 948
17 7109 8274 856 5212 4613 5303 9410 9171 2831 2927 3784 674 9975 5995 1979 1368 1998
12 6031 3729 9440 9142 6861 4459 7708 1901 4900 9999 1594 1809
23 4679 3773 2464 7922 8037 5847 6460 2884 3896 4470 9848 2137 6459 8969 470 5346 1107 7105 9032 3350 7283 5814 1479
8 2176 4403 7753 389 1238 7705 7214 316
6 5991 3767 264 1258 6976 6665
6 9459 9644 1085 1172 1636 4445
21 3696 3833 2075 5021 9963 2924 1872 1539 4221 319 3070 5117 5529 3413 9293 3419 75 4757 9898 9336 2492
16 3654 7337 1203 6253 8807 754 3977 4997 5482 363 9076 995 5138 6702 4399 8078
6 2736 2612 7426 4392 5926 6461
6 3202 8345 7084 5683 763 758
26 563 6455 6034 9645 8973 9972 2076 1631 3731 3432 2023 5329 4456 3967 5073 9716 517 4982 3674 525 7201 631 5266 9294 4901 4018
12 3321 9527 9083 7100 5728 8221 6229 7242 4600 7044 302 1293
6 4829 1 5579 2191 9028 5578
27 6403 6329 8747 7494 241 8854 1453 7256 8263 3785 2948 8312 7564 8293 3308 3293 5640 9643 4190 5805 7974 4678 8322 4812 2853 6250 1403
8 5480 9231 3214 3324 2491 7349 5596 3107
21 9550 6951 2992 6764 9037 4007 2732 5642 6896 408 3752 8027 3761 3039 5364 9384 1786 6499 5618 1726 7183
27 2015 5572 9353 3885 4862 161 2776 7043 8695 106 2525 5514 2534 4856 8511 1772 4351 276 201 1740 5175 6037 868 6568 7756 8251 6693
2 6321 8727
5 9913 5954 4202 1873 8730
19 3578 1949 2105 7275 6659 6094 2264 3372 1715 836 5925 4936 6154 5195 3485 2953 2096 2326 3987
1 2591
3 2573 4747 2322
23 8878 211 2787 7448 8504 9481 1250 7014 2025 5451 8416 6905 5041 4899 1029 238 3150 333 7997 784 4488 5248 3310
7 6039 1977 659 6932 3811 6683 6018
4 9927 8638 7611 231
2 7325 4818
7 8758 7122 8304 4240 8658 630 6348
12 3358 2368 4688 5589 5257 4991 9365 3189 7481 9759 6782 2090
10 2735 6541 8739 2784 5006 6591 8199 1808 9465 8879
10 7575 7940 4419 171 968 3897 7851 2136 8572 926
5 8965 5382 1179 5323 4417
22 1563 3490 4139 5366 5764 7316 7532 7817 3505 8004 2850 5180 2175 4075 1749 5217 4252 571 416 2822 4242 5874
5 2718 6306 4771 7600 8046
12 1105 4455 2497 8194 8353 2033 1733 9678 9914 7725 3274 12
3 5649 3475 4557
25 7913 7097 6729 5678 6380 8761 382 5941 7907 880 2923 8646 1337 6542 9470 3237 185 3000 2097 1704 5774 7833 6193 9454 8375
12 549 4984 8774 5711 9042 4913 8780 4274 5919 6830 3011 3870
17 1209 8840 7553 5818 9087 2520 6238 8911 7405 6289 139 3171 7358 5467 9875 6153 4197
1 4887
23 311 8713 846 1046 9647 2613 4819 5134 4046 118 1638 9302 8475 8048 556 3001 7345 3440 4151 3033 2098 5536 3664
2 1817 1277
3 9313 7464 8330
24 9449 271 3594 6101 6842 5287 6272 595 5298 542 4491 2565 5630 6203 1924 1911 1034 6679 9389 2752 3711 4275 8666 2606
16 3580 7186 6053 908 7387 3165 8793 6581 4106 322 3844 6175 8839 5842 6616 7228
20 8578 2896 6643 105 8953 3648 7829 3271 4472 2874 1420 9163 8532 5943 748 5215 4118 4580 4823 1254
18 6912 3325 115 2187 9101 8214 2054 7167 8218 7125 8270 9193 8336 8286 4341 5461 7836 7784
15 1776 1113 2335 1010 5214 6076 5674 7232 8530 9262 9710 5979 2155 8321 7166
13 3147 4666 5260 4798 4300 5792 3228 21 6211 9085 7689 6240 1190
13 1560 19 6004 2118 6307 5507 4329 9994 9726 3322 3792 729 4296
1 5982
4 8967 576 8619 5296
9 6466 4637 1332 6208 39 9159 9964 2177 6687
22 7862 9744 782 2323 3802 3345 1846 2966 3496 9438 7221 6880 9534 8140 6801 7930 1712 2258 411 9217 9960 3185
20 5018 4717 8421 3782 4453 4212 8383 4543 909 8811 4614 5796 7932 3198 7304 2249 8501 3644 2521 7215
2 2660 3246
24 3090 2774 5393 4194 2566 8588 6474 9562 9947 2639 1863 8379 6638 9858 3609 9687 4105 412 2040 2229 3127 5561 9148 7432
10 7804 5062 8387 8526 8478 3998 7989 7348 7676 6569
2 5983 5067
10 1192 1331 4025 1572 8522 1936 269 4556 7039 9120
4 2519 610 7687 6686
12 4309 541 2589 1625 7102 2904 3105 5663 5888 633 7760 7992
10 2465 5161 6735 4575 6634 4317 6226 3407 9885 5404
11 8184 7631 7811 4880 2115 6114 9844 6915 6800 8109 766
13 5970 1381 4449 1649 5019 3352 3195 2728 5363 7828 5144 5836 3797
1 7110
10 3708 5352 2702 8843 2057 5301 8460 6726 4916 1022
30 4525 8728 8302 6756 1260 7174 3058 4050 2570 1175 2059 4326 7425 9962 1937 8481 5176 736 4442 4251 9661 1926 850 5010 7244 6500 9088 3637 7950 5055
10 6377 4089 261 1953 2189 3448 3312 8139 3041 6434
26 187 6607 4184 608 6567 3966 8791 6305 388 8038 7761 244 2882 6696 1814 7743 6774 7016 2197 6697 1056 3804 3934 1788 1662 2100
31 7957 6952 1407 9473 7768 8803 7152 895 6261 5036 5267 4541 3098 9822 2875 9143 5664 5005 1435 7944 450 6990 6675 9786 5707 7589 3254 3727 2604 8925 7002
16 8292 3655 1959 8991 7243 3921 2178 5656 2781 9276 1355 3524 8228 9516 9849 7621
19 4839 7891 2112 6399 9576 531 249 8830 9541 3508 5000 1622 1990 3563 6632 8558 4983 5883 8308
11 88 1888 9935 6851 8546 1459 1431 2037 8746 4550 3367
8 5934 6654 4260 9845 2825 7874 9064 5059
13 3608 8998 2561 9542 1720 3235 3660 2894 1744 6918 6761 8948 4277
15 7347 643 2557 6692 1882 1486 195 8567 6611 743 8497 3837 1848 4129 5652
6 3055 5971 2536 9385 7934 773
6 8088 3959 3087 8880 5198 9024
6 306 3536 1708 2830 5311 9215
6 476 5302 4215 1128 7154 1207
31 4078 2507 3294 2928 1186 9633 9654 5779 2235 7034 7364 1294 751 2320 9436 3750 7998 7062 1468 2994 3832 547 4974 3730 7518 3517 2929 7307 1158 4861 9749
31 6822 7709 6849 5856 2511 6430 1233 9634 5107 3842 8665 2900 4119 425 1891 4406 1069 4608 5384 6926 1832 809 149 5419 2378 2342 8934 4908 2628 60 845
13 4058 8024 7248 5712 656 4064 3824 2936 9013 900 1120 4203 8301
5 3629 3564 2717 5513 9525
14 666 6128 1695 8108 2268 3201 6187 1654 5463 632 6577 2795 8825 8260
9 6689 7799 9733 4511 9556 5369 3830 7406 9868
2 8175 9287
13 6670 3245 8699 7927 1655 1755 6575 7323 5969 3523 1698 6700 6944
22 4644 2031 2635 4636 8244 3211 2374 215 5133 4086 3595 2437 4464 6948 4754 6860 3383 9399 2251 7813 3224 3286
1 1880
14 1757 8698 2424 9128 6747 6164 8040 2981 9158 9684 9234 9604 969 4483
28 5335 2327 8792 2382 1500 6818 9712 4990 9375 8951 1686 252 6283 7169 1875 9882 1461 8307 2841 4009 5320 2354 1611 1713 9600 9309 2103 406
10 7657 5858 5112 4200 1121 4233 6192 7876 1061 1114
18 1803 2654 3839 2505 5608 8017 1292 2694 7130 1982 4032 9509 4239 4755 4542 1173 6148 3780
12 1273 9411 2603 9996 9666 6202 199 6711 1685 607 3940 9515
1 4796
30 7965 4495 8557 4437 3329 1674 5771 1252 5777 8085 1913 5241 6346 2404 8273 7729 8820 6104 9157 7842 6281 7521 4382 4165 8738 3526 1174 9257 5894 5937
3 3607 5441 9250
7 1066 24 7140 233 7926 3079 3861
2 2432 1339
2 6724 5071
14 4435 3540 9685 3170 5060 481 7809 7189 3670 4193 8451 5037 421 8138
15 1874 3602 709 1985 8018 2842 4776 3145 1670 2269 605 2223 7268 8877 4803
24 2297 5815 3124 3532 2477 3173 484 1612 1308 2859 2532 414 9170 7371 7721 7238 9059 4116 9126 2976 8222 8797 2210 2508
18 5440 7864 3148 3951 6168 4196 565 4807 5957 7506 6176 9115 2824 9339 49 7681 9690 5545
8 303 1815 4693 7104 7909 8299 8089 8897
2 8071 6600
17 9847 5615 9137 7677 1489 1869 5089 1518 507 3583 5620 8368 2473 7762 4477 8500 7482
29 9752 8179 190 8425 5990 6493 3354 284 6825 7732 7019 1352 1436 4400 9812 4879 3210 7987 3186 3449 7718 7819 4993 7354 4573 2469 4931 5749 831
5 7108 5756 7015 2257 2238
22 6002 5769 3692 9347 2293 1267 4450 4366 3482 7315 3981 4884 7805 2125 7599 7195 3567 2685 9883 8230 6441 7133
20 873 5503 1302 2515 959 890 2154 5786 5216 5259 1116 4578 9653 5930 7979 4216 6586 9567 3626 7996
13 423 9140 9698 3236 8209 8277 9869 7147 4620 7185 79 9555 690
15 4758 9402 5295 448 802 5719 1627 559 5622 5279 7498 7562 7081 485 9693
28 2571 7455 2357 8254 1223 7884 5650 6580 8785 9033 7642 1738 4696 2121 396 4638 52 1946 8871 3963 2478 8565 2405 7995 8202 879 4363 2211
32 5324 8204 5213 5948 2230 6420 4003 7434 6352 8772 141 6062 2126 9458 8798 1458 1466 9056 4073 7620 8692 9780 6530 8442 9597 2202 9413 6330 2625 2704 1837 7391
18 8711 7534 5100 2558 2156 3843 4019 1603 5379 2237 8845 8676 1732 8441 4994 3698 443 4185
4 7475 1319 4722 9910
28 9563 8736 6199 5710 5189 3188 6550 3717 506 4869 2140 3038 5799 4415 350 4834 2645 10 8958 3359 1262 9958 9086 9756 8592 2488 6631 2843
2 2316 4471
15 6879 3759 3757 714 7566 2945 6318 9295 3525 6464 5149 6889 7593 7008 6364
28 1040 3197 854 6141 8609 5952 3366 1902 5844 4497 9132 5310 3930 1198 7726 2034 9006 5385 1519 6436 5687 8810 548 54 8255 1149 4189 7537
28 6412 6529 6558 8370 3066 6450 8035 5495 2653 7150 6672 352 1643 7361 544 8064 9479 4368 6945 528 4817 5490 6227 2069 4416 2145 7568 144
6 8306 2144 8818 3914 746 2610
22 1867 2278 1637 8447 2132 8173 4615 3818 907 1016 5317 586 5734 1905 7326 5258 6014 3820 888 2002 36 0
13 1992 7198 8548 4830 9751 1601 7628 1956 8753 664 9608 2321 4186
30 7929 7993 2495 3073 3786 1102 1365 330 2852 3952 7187 4617 886 2395 1531 3421 9908 1590 8974 4312 1566 1806 7969 5203 3019 8677 6194 8100 8943 6439
3 672 6190 5575
11 9976 1866 7612 1251 7117 730 2657 9071 3709 8704 7035
1 1855
10 4094 7911 4112 310 592 165 1694 1645 131 86
31 2920 297 7320 2106 8224 4673 2167 9199 5433 6652 4806 2799 97 4965 6674 1117 5708 8691 9155 8749 274 958 2995 184 2371 2890 7332 8124 5423 6717 840
11 474 7188 872 7624 8060 752 2331 2347 1225 6136 669
10 6663 4346 4056 3579 7224 5626 1527 5444 2615 8070
6 9483 7659 7786 8340 3028 4324
20 6745 1111 2997 6251 4872 7971 9928 1259 7749 5670 8125 4669 8325 2506 5950 5754 5828 9642 107 3871
3 5091 936 7985
2 1335 7206
12 9252 7924 5154 9337 6522 7454 7280 7233 5110 3273 8908 8278
15 5497 157 7684 6999 5102 539 8076 1925 336 7126 1076 1366 2490 3886 8717
11 1315 1384 9495 6463 3902 9201 2968 7739 1336 3945 4374
5 3291 8493 3499 1679 835
12 364 8815 1988 7538 7800 1974 8347 7976 5736 4181 8468 6750
3 677 3103 1000
6 7070 55 1794 4084 1908 2430
19 4467 379 1338 9998 9358 4582 5389 2595 7583 1125 7388 7591 3223 7038 6084 7251 9568 1731 7281
18 1097 4048 2330 6268 9659 3509 1188 3256 453 5249 5512 6124 8172 3642 5438 6022 702 6051
16 1778 6066 5619 7392 6406 5278 2139 2582 7328 5270 5832 7029 4178 2815 7951 20
15 9679 5885 9046 3334 6012 9657 9138 2984 7282 2160 8970 7501 5074 7655 644
2 4027 4023
13 3442 3527 8426 498 5156 6903 5830 1106 3194 6319 1004 163 9359
3 5868 9377 1035
13 9619 9166 7129 7451 7453 8344 654 5893 3911 7390 204 4041 3965
27 8310 6150 2198 935 7193 7567 6749 2180 2857 9062 6962 6593 9089 7715 5076 3277 7262 866 5139 3551 3399 2943 6754 3684 3801 9451 3848
11 9707 4098 8158 442 3403 9631 8823 4285 6222 8402 9522
2 6381 6527
26 3555 1414 8566 3426 7867 7465 2399 8995 354 3685 4099 2802 9900 2630 613 2844 6488 3856 4188 7385 2965 5118 4751 3492 9290 4319
25 1515 3409 965 977 1835 6523 3879 5453 584 8413 8099 8562 8928 3997 2308 103 8015 9961 1851 651 8611 9069 4484 623 8152
19 5299 5562 7847 9288 7812 777 6103 2086 1688 5768 1854 7854 1011 3662 160 4599 7437 792 2170
8 1973 9135 546 8617 5985 5607 5731 9776
13 4008 1735 8459 4863 8554 3108 4658 3036 3789 8806 7558 2969 5886
11 9003 1528 6404 4706 9691 150 3129 9640 4138 4191 1823
18 519 372 8787 1651 212 6340 9002 5566 9457 2741 6814 4503 1443 2355 294 5452 1736 1546
13 7429 9020 2738 2788 2957 3603 9613 3875 8298 7682 7636 5701 1344
32 2247 394 4781 457 8868 989 7737 4602 6886 1667 9832 5422 1232 8742 8860 6359 1297 9027 2035 1428 2740 2535 7046 77 2433 2772 3244 2872 8762 488 108 3458
26 2135 6794 7116 1970 5593 2343 6333 4163 930 4045 808 4012 670 7547 7192 8067 3700 2545 3385 5505 6878 270 7826 7202 6273 1510
11 4742 2020 477 3029 3459 435 7972 3809 1213 7814 4951
5 6783 5304 5881 8630 2887
4 5424 3990 3396 8596
6 6263 5371 6868 9708 3920 3288
4 3362 3181 2048 4949
11 2720 4788 2026 3225 7305 2733 1347 5272 2888 5159 9334
14 2949 583 1023 2769 8473 8623 3412 3318 1661 3063 1801 7603 901 980
24 8731 2296 5307 4029 9871 7883 6009 6910 3867 7488 9911 2766 2931 5519 4950 1533 7832 3158 8846 5111 2070 5348 4393 8939
3 8102 3138 1555
10 3253 8968 3330 1268 1526 9332 3302 9668 3080 8789
7 3817 6706 1492 8253 2148 7395 8648
26 1543 567 2006 2143 47 5917 3778 4744 6850 8990 949 8316 7197 9441 4768 2631 1822 7024 7520 6545 1183 954 4680 9058 6445 2786
13 6277 9251 6904 2808 4893 361 3455 1187 1894 6766 6487 1868 4220
2 6544 9404
13 606 4143 6502 4528 5470 2091 5392 8837 1185 4545 3349 2671 2224
2 6228 6517
27 2695 1406 1852 1995 1030 4107 511 6498 8768 7665 6967 8523 1182 1700 6367 1709 9826 7094 9239 9727 1291 9448 9895 110 6099 9184 4310
6 8640 6780 7156 627 5654 7632
11 5192 9920 3230 7368 5633 1249 2750 573 4269 5439 797
24 1194 5282 4404 2916 3319 9118 8259 2352 3694 8819 4561 7573 8494 1781 3447 2344 914 8381 7767 9099 7181 1404 9067 9909
7 8395 7613 1322 7625 7054 246 9484
21 9514 7379 7113 876 4858 7680 6680 8603 6036 4533 37 7529 8621 3234 6988 1155 6355 8942 8195 5395 1084
3 5693 1067 7376
6 4601 5598 5218 9019 4853 218
2 3539 6995
15 622 1227 8055 328 6741 4848 5541 8111 6495 4176 9591 1764 5884 6311 5825
8 768 9011 7666 7990 5877 6934 8411 7057
14 9675 6485 9851 3067 4349 4299 7787 4920 1676 5426 7730 9740 4492 5434
24 7401 7849 3596 2791 7357 3017 3050 6718 6186 415 572 7203 384 5864 4096 5785 8264 3630 3376 7168 5946 5669 3978 9061
29 1305 9523 1512 493 4686 5699 4250 4409 5169 4318 6013 2680 2810 9379 1960 2104 9593 8136 6423 7781 5577 2003 787 4684 9791 1153 9606 2993 4741
28 7463 61 1860 1524 7792 9078 8835 8338 9524 8110 4595 7933 671 3636 9570 967 847 4358 1591 1236 9533 9732 2858 8443 8859 6065 5653 757
18 3156 6418 1372 2649 6058 9345 9620 5783 7209 832 7643 8272 5123 4314 5462 4625 5992 3638
29 3371 9463 5425 1276 5955 2261 3537 2181 6133 8403 5082 2790 8324 6737 272 3874 4892 4263 9919 6083 8822 609 2868 6400 1927 7089 3488 1408 1191
16 8477 9207 1784 3368 7372 5686 615 4953 761 475 7901 1181 9070 4584 8981 2620
18 7928 6843 1090 825 2681 1240 3411 9179 381 3530 1325 2290 2760 8645 9837 9607 3501 4321
36 2883 3457 8783 5358 5744 4170 3910 4661 7637 326 8285 7554 3220 7535 6270 2771 2482 6871 7411 458 5031 5915 8097 1071 3854 614 5420 3142 4316 3982 7121 1462 6760 6074 5224 9614
31 9393 3239 7210 6669 5636 41 2518 7686 4376 5627 3054 4372 7162 5400 4857 8014 9322 4340 5804 1818 5475 4631 5568 2030 2029 6310 9794 6895 452 8636 8163
24 9864 4867 1474 6089 5457 6589 7746 3465 8160 1429 1417 3075 2607 6146 2978 3241 7646 2739 451 9253 6792 9439 2287 3378
2 2212 3207
14 7952 864 1530 9806 4502 2216 5757 2967 172 146 5724 1647 3827 5127
18 4377 8406 696 2899 3196 7428 6159 7557 6984 3502 6742 2250 1222 1281 5263 189 2693 4325
3 1138 2166 8824
2 7318 2528
14 3381 7778 9583 9372 1836 4579 3878 4961 1574 2529 6701 5499 3369 5798
14 3869 1879 8719 6106 6396 1026 9318 53 2487 8913 522 8499 4509 8279
25 9084 5491 6304 530 4794 7648 8915 2338 6454 9341 8615 4344 1746 6422 2362 6344 9075 5610 2065 8159 6235 5039 1383 2443 7458
3 7956 3546 7581
27 700 554 699 9246 8979 3512 6173 4957 6247 2291 4986 4930 4384 3429 5635 8026 8550 3689 5625 2396 8828 6626 2475 51 9005 8503 9025
10 1399 5284 207 3153 781 1577 1437 8267 5459 9711
13 9979 3249 5517 9804 4028 8571 9767 5987 8084 8053 5544 1060 7834
16 5445 7229 1024 2975 4507 9286 135 4782 4914 9116 7211 7208 6584 7362 6667 2658
12 3549 6115 7284 8058 5396 9258 7571 5331 8405 8777 1374 6322
27 2061 5721 933 9549 9696 4703 419 2731 7342 7912 5838 4441 5221 9655 1393 7592 4211 5532 5104 6712 5061 7265 3242 7032 2481 2007 3762
8 4948 4301 26 3713 6553 4095 7485 2998
15 5235 2429 1438 6110 8573 8788 8986 2158 625 5989 3716 7300 3275 9296 7751
8 7499 3471 3640 9965 1221 2780 4153 7061
11 4411 3635 8680 619 8417 4923 3094 6723 4968 955 9650
14 568 1609 109 4838 6391 4454 974 3481 2010 2666 4926 526 1813 6993
22 6913 9109 1634 7172 3542 6357 3315 1660 1583 6374 2246 3163 8883 6231 6779 467 4925 4361 9599 5048 1938 790
28 2917 4586 6123 2915 206 482 1640 7277 9512 8187 645 5994 4256 7066 7830 2796 6775 2546 243 5157 3917 6588 1616 6010 1987 7983 58 8594
7 9954 8598 4650 6351 7053 3265 9499
29 4379 2233 945 6410 1218 6475 4704 6771 753 5375 7135 4433 4802 5526 1504 8103 6140 3137 7615 7734 7720 2389 1621 3059 6624 4108 4922 9887 455
12 9581 9186 8051 1446 1906 4513 3109 3301 9308 5791 8838 3069
11 3030 726 5887 6360 7579 6856 4709 5069 2527 4736 8907
12 4071 2324 1246 6397 8495 9957 2895 1036 3020 6285 3612 8674
13 9409 8086 3208 5049 428 5554 3541 2036 7710 8245 7176 641 3771
3 9349 3227 1545
35 6815 8559 3826 1142 9487 9543 3680 3615 8796 6648 3270 1487 3393 8116 826 5803 4397 4236 30 9667 3498 9368 2909 9460 4547 7853 1782 5645 4946 6388 2427 1360 7559 8384 5065
15 117 4877 874 2541 9843 2719 2563 1164 4945 1730 1205 6419 7597 7374 9123
6 6901 6900 3430 3068 210 180
27 4618 9291 8449 5746 6068 4630 7662 6480 578 9242 120 8800 9553 6793 7651 2024 4000 1933 7584 8013 9034 8392 5319 192 7 2865 7476
11 713 3667 4208 1984 3572 6515 4898 2638 2310 9203 1350
10 268 1421 2440 9464 8521 1027 6539 6867 4530 1961
9 5086 1353 1228 209 8605 3926 6477 4700 8941
12 84 113 8848 5540 1843 1904 8419 7994 8831 6989 6090 2816
28 489 2942 8435 5017 4088 7236 849 6927 5291 2207 1263 5043 1098 2122 6681 4734 4564 8755 7288 6773 9877 3387 3081 4448 4972 7261 176 5077
14 7399 1529 6297 2621 6891 9428 5747 220 4548 4142 8685 8036 6368 9993
14 7088 9346 5725 2785 7820 2871 5456 3497 4577 1483 4504 899 4354 6492
3 1002 9872 2951
5 7861 7877 4583 3384 6753
12 9216 1838 2866 8031 9616 3545 5333 3769 5493 5644 6872 6093
30 6965 1689 3601 5748 6942 4657 6000 2577 9738 5660 3102 990 3261 9195 1455 3754 1166 594 6325 17 9431 3628 7302 6759 1858 5432 8467 2564 2307 5718
6 1005 2346 5098 148 265 2940
29 3307 6456 1170 2523 8464 655 5240 9681 6512 9364 5962 6907 7271 5140 7806 3561 4964 4590 9955 6505 6846 9218 2334 7973 3125 9206 2165 9714 4662
15 3693 5377 7085 1777 4656 5539 7386 6313 2099 7844 5974 9243 9703 7509 5150
10 6695 5406 3697 23 912 1615 3890 8625 6534 1288
2 7444 9803
22 3988 3651 2422 8328 9586 8462 95 3433 4396 3205 3624 9742 8827 285 7866 5527 7788 356 6117 5416 1375 2669
13 4011 5550 731 534 471 6145 7670 9615 5784 7938 9432 2914 749
29 8708 580 4873 7230 3865 277 720 3566 8682 7663 3721 9127 9923 6213 7274 9652 7872 3592 8491 4272 7497 4567 7835 6230 3941 5726 1086 5269 8174
22 1269 7373 6563 2856 9130 9273 2240 9639 9229 8721 5534 9403 4660 8169 8669 5349 2294 5789 8234 229 562 432
9 957 6139 6752 1844 3115 2878 2764 4383 6246
24 6916 9985 2881 4973 6966 4123 7344 5837 2640 7697 3305 9701 9299 3428 953 1682 3980 6847 344 7517 8276 4811 7489 2659
17 29 6189 9636 3263 3462 3915 5234 1386 6446 9617 5584 5238 8851 8266 8164 3085 9520
23 7711 9544 4065 1721 9948 1051 8339 2373 7796 1656 515 1058 9946 7377 738 5286 3884 5454 7257 8454 1202 4795 1972
8 4059 7640 7435 8262 513 2539 5347 5968
33 3855 6044 5808 4414 4959 9306 4815 9815 2537 7580 9743 6538 5690 1884 2304 4749 7513 6056 9073 6883 9724 9420 2438 6810 242 7106 2325 4500 6371 5776 390 4886 8654
10 5332 3338 9896 8560 8296 2933 9444 1317 9798 2448
8 368 5913 5556 4651 4378 3948 9862 8994
22 2008 1206 6630 5394 5211 5219 536 9208 3610 2804 2636 7865 940 4460 3337 6315 418 4766 6448 5688 1043 9850
12 3936 3155 4963 8920 8280 3336 5128 750 5531 6890 8507 4305
5 8518 1376 3503 9390 9196
26 3167 9649 5500 8448 128 5535 3544 7438 2409 3663 5088 2011 646 1859 6082 1943 5909 9489 1763 706 653 4783 8132 2886 2318 8216
25 4494 8213 2742 5732 3114 9557 9477 7068 3829 1081 8610 508 1716 6838 1819 153 5353 1753 4715 1824 5401 4427 8949 251 8865
33 5300 6662 7846 8832 4910 601 697 2305 4558 1994 9769 1460 8681 6601 2600 6398 4605 4559 4074 9592 7222 6038 4487 1976 4572 7175 6079 2226 3427 5797 299 3819 9637
9 4214 5727 2641 5034 8629 1626 9350 3836 8850
17 4842 7889 4635 9735 9104 6316 5511 2245 3169 799 1415 7216 3258 4552 3946 923 2038
11 6961 8932 4428 4546 5510 4629 9897 3993 7245 6960 8196
33 4090 1447 3575 9768 842 3024 9282 533 248 9680 4938 8155 9492 6597 1169 4356 2360 4398 7770 6156 1045 862 1283 1073 5484 8997 1131 3431 9745 2363 8423 5130 3238
18 8520 3104 5516 5285 2973 1550 3585 8637 4481 7383 6622 4280 9269 1919 7623 3633 2806 4778
25 7119 7314 1054 3199 2754 8766 3807 4587 9381 2977 3278 5094 5801 8289 1130 6339 9091 3379 4517 7056 4640 8964 410 383 4348
12 2356 4070 9324 9663 7023 2579 4271 6992 4726 6828 2908 4424
11 585 2512 4164 200 2783 8553 1706 2987 1495 7163 391
4 2941 5237 2711 978
24 7028 1697 6409 3191 8856 5182 6356 9018 494 2979 5170 178 1110 6178 5033 1820 2851 262 8829 4745 3023 7450 6349 5599
10 5860 6424 2412 5597 5035 2127 6233 925 8012 8433
31 9305 3333 2748 9412 6536 6293 7882 4101 9761 46 529 1152 8597 6081 5951 6882 1541 5373 1748 5072 5191 859 4067 8476 7723 1400 3733 9854 4474 7673 8874
2 7329 4469
2 4687 4941
24 3311 1100 9274 3510 35 5662 2551 8529 4786 8373 9424 9268 2043 2063 581 9697 4237 5850 2553 1329 7688 73 4308 3172
7 8189 1593 8902 4207 3866 6647 3491
23 5245 4624 4720 4980 9045 3398 9497 3949 1433 7194 2095 6769 7560 257 2863 7798 3076 4732 291 3954 1928 7539 762
10 222 4882 817 9974 2690 1430 5679 7808 8047 2617
20 5717 2714 3739 6526 6078 3439 3451 3062 4523 6363 11 8074 7402 42 2911 5412 8389 4563 4315 9387
6 7779 174 4626 9601 5044 5854
21 9090 2642 2626 9602 6255 6836 2982 266 4291 9182 3493 1324 2745 9263 1168 8510 9388 816 7414 8906 6834
9 2288 5247 4671 1540 4760 971 2114 7953 2862
28 2576 4387 3092 3821 718 640 2937 596 8188 127 7096 7633 3657 2388 516 4714 7370 235 6820 7178 1296 8931 441 4022 1691 2188 5895 3665
17 1724 8484 2838 3976 9559 3086 6684 3013 9423 1385 1659 8712 869 3950 2252 4841 1958
13 9888 3743 8073 6610 8533 7095 983 1083 1080 2372 307 3971 4962
23 9283 5027 7287 4537 6327 2605 3083 378 3232 871 8151 1779 4623 8857 3007 3597 4810 6509 6564 7295 7059 8238 1301
20 5343 9267 9890 7574 4875 6338 5914 4944 5835 509 538 6129 4647 4097 6432 6214 6417 9956 296 4883
15 4307 9670 5359 2401 9316 8157 1804 7870 3453 4854 3751 3905 9496 8422 446
11 9925 6416 7340 4438 205 4719 9932 6964 7338 3533 5760
24 2559 7810 8586 6786 502 9105 3816 7602 1723 9795 9951 767 2556 1886 9357 8599 134 8141 9683 1321 9921 1878 1473 3110
10 8192 2192 4210 9211 5078 7157 8235 6770 1619 8607
24 5716 1883 1605 2426 6765 951 6503 2171 3117 353 2314 6161 5770 6157 9230 434 1253 4218 2499 1333 5745 7744 3184 3984
2 4150 2758
3 1208 867 7522
15 4520 7483 3282 4055 2452 1964 7917 1358 6555 5916 8409 1575 7955 6991 3931
19 7346 2425 5116 8237 1008 130 5372 8186 7006 5026 5004 8649 5357 2721 5980 9398 1542 5024 1633
19 8587 400 8410 4493 5477 6425 5428 7191 5910 3099 4828 9408 5101 4921 5742 7519 5407 8371 2208
15 273 1833 3005 4588 1416 8165 2873 7400 5542 5961 3048 1242 1549 6390 4540
3 5341 6767 5226
16 920 2531 2123 2782 5120 439 7690 2000 8042 4652 1239 8030 8938 7466 4868 7264
32 2986 8149 7585 6804 9874 9012 8940 4016 1201 9737 2119 2434 1768 6243 1476 121 1391 7474 1896 9584 4701 9943 4265 3078 5506 3452 7752 5414 1157 7526 5555 3741
6 6740 8784 6220 267 3605 9723
26 8342 7196 6762 5603 7777 2394 1523 5099 6163 716 2921 8366 9240 1810 9758 8400 4809 2340 4621 5570 9501 2120 7290 648 9467 635
26 734 4836 5437 7276 7856 6196 6716 7516 8662 6223 6452 3661 4692 4457 6130 8006 7124 1696 1890 8002 132 5030 7204 7946 9971 70
11 4066 3779 9830 5996 4109 3445 9180 9190 2041 992 4793
16 6694 8021 8203 9469 1785 8935 9488 2555 2493 6691 858 8744 5142 6606 9792 4531
10 1993 5227 6877 1588 7638 3991 4705 3554 2445 5084
15 499 5344 5481 7363 8153 366 5986 4632 9212 1618 2522 8900 8716 8364 7524
5 4894 3049 6658 3341 9865
10 3760 7918 5677 1829 6623 3456 6011 480 5399 9198
27 8458 5875 4421 7255 7226 8816 2333 6969 6484 3904 6407 7629 7727 9248 387 9074 7542 255 3389 2186 3010 9181 5595 8972 9840 8891 3417
10 2869 6884 7075 8126 3943 8349 1849 9391 2697 3064
4 4855 3025 9763 5573
18 8564 8020 1635 1143 286 6447 5767 5002 5956 28 6490 3344 1895 6690 5960 9719 8910 8232
17 3281 7114 8892 4935 5158 5892 2442 9450 4297 5135 1762 8876 7941 7143 9624 4114 1284
13 8675 5387 8323 661 2455 7430 8614 4940 6244 6583 2876 6019 2554
10 9901 4006 7898 9664 4333 5912 5588 2353 6323 6073
2 6198 3560
14 5222 8104 9627 4228 164 7683 7312 8093 665 3026 708 4371 4555 9360
21 7293 7180 6155 2056 7239 3215 2602 6331 2045 8987 7145 6179 395 4235 1289 4122 2454 8365 7878 2450 7343
6 8029 1363 1986 7086 4141 7773
12 9187 2147 5816 4246 3938 1272 5012 7246 1140 2358 5935 5563
8 7040 8271 7512 5487 9255 1955 839 7025
13 3444 3008 9249 6386 7582 973 2027 5109 5119 1760 9443 8923 7112
4 7355 5008 7754 6143
1 8563
10 6831 219 9052 7471 2074 409 9485 1792 1729 820
10 6633 7319 5920 4205 1245 152 943 9674 8866 7069
21 9626 9452 332 881 6739 1910 5187 7785 8094 2359 698 589 6234 5587 5778 9966 5325 5676 6302 7617 1052
28 8950 9406 3557 1508 6615 9511 5351 9209 454 1509 2407 6925 2547 776 8540 2218 7755 6823 9162 1606 6528 6827 7667 3558 747 8275 4918 5449
13 769 3614 8809 3404 8428 9113 3178 2494 9119 5022 764 6300 8332
27 2944 8978 6125 1628 3116 2209 8034 3082 3970 8909 8687 6727 8661 1320 6728 695 4518 3613 6249 8354 124 2255 6278 8333 3745 9507 1038
13 5402 2751 9754 4486 5122 999 4082 6520 4192 7241 9931 9771 3042
11 2912 2828 6239 5621 417 7572 4137 5478 6314 4729 4013
31 1773 7546 8198 9320 5025 8346 290 4410 1963 7382 5557 1587 292 2044 9284 5632 1790 5959 7672 78 9978 8971 7839 331 5355 5918 7954 68 7696 1658 5443
16 4352 3119 4764 7010 2652 1037 5155 2749 6790 5840 9437 7596 8723 3464 5003 1898
35 8420 9405 4885 6457 3424 6206 7000 9805 5602 5054 6392 6537 2706 5405 6832 9539 4278 5702 4800 2906 8904 7259 1395 304 386 3484 5068 1025 7590 7855 1648 1285 8893 8861 5592
14 9799 6361 7398 7704 8715 9030 780 168 9418 9739 1244 9891 2361 2185
6 6160 2538 9191 4080 1922 8000
5 3168 5553 2370 1567 89
28 375 6656 2436 892 2963 9289 4245 9949 2128 7679 1947 3909 8743 946 1499 4168 8166 8068 3074 3927 2701 5873 5788 8269 9922 1507 3422 9876
5 445 9044 6184 5274 5254
13 4536 8376 6744 8220 684 8061 7886 8201 9531 570 603 5264 807
5 7020 4223 5466 166 9824
27 741 3276 1734 9595 6473 9575 7668 3795 4115 8937 81 1942 9475 254 2164 6134 9221 6866 5705 9967 420 4501 1478 3084 1552 3571 587
13 8703 8290 8786 6645 3468 1684 1491 1537 7037 9889 177 3247 9530
10 8509 902 8207 6922 69 4420 4978 3922 4077 9811
27 2313 315 4761 245 9382 9628 1580 830 3666 3565 8955 6618 636 938 7604 3895 4539 3846 4473 4562 8107 9755 8778 4005 7487 5460 5659
27 5902 5743 3849 8440 4826 9926 9297 1997 1797 2952 8575 1553 9177 7745 979 9228 1787 7142 9880 7978 985 7408 6935 3899 4691 8684 7219
4 8303 129 6032 9146
4 961 3410 1013 2939
28 1323 3176 9401 8574 4482 8653 9819 1693 7479 4485 5374 4971 4989 4159 6389 8741 6619 8764 8775 3392 8729 2283 1092 4425 8461 143 6291 3863
3 5381 658 7433
1 1159
11 1146 4824 1094 5739 3960 5696 8966 5936 7980 438 6080
25 6649 739 6924 3160 3461 318 313 9065 66 3669 7503 819 6301 1389 3673 3356 3300 8281 3283 8887 4674 226 5549 3388 1327
17 789 9702 3783 5124 1496 137 4244 821 4699 1096 3323 9029 1624 5281 3889 667 7111
12 1664 6135 6200 8536 6029 5780 9783 6354 5354 7606 3128 2253
2 9325 492
30 8962 3758 1326 57 98 3414 4035 2077 7840 1369 552 660 5050 5014 9612 9077 8288 1464 4634 9001 3285 9351 8010 4468 8569 9312 1007 2022 2902 5294
3 4475 4646 1452
8 6807 3193 9232 1197 2958 7339 2417 2709
23 7141 6269 2079 1564 4405 2470 2954 6197 8300 8542 8659 929 5268 793 8881 9021 7771 532 6524 1127 2746 5435 2961
26 3257 6875 3317 7446 9144 6413 2686 657 6703 9833 524 8101 9741 3135 3027 6617 2087 6204 7313 8528 6661 6768 2182 182 6096 9311
1 2053
26 8329 3918 1630 3891 3989 3632 9944 9100 4645 8595 3370 6705 4607 5045 2665 2386 4213 4871 5105 281 2901 6443 4343 4357 7462 4604
1 5903
21 7064 4648 5829 7380 208 4024 952 2406 6719 2817 2753 4270 4775 3031 7508 8963 2309 4033 4290 6543 240
28 8489 5698 6245 8434 6021 8079 982 611 9419 9537 85 3434 2270 9264 9222 2052 1448 7949 8627 7132 6047 8242 9331 3519 8561 1356 4054 234
12 3149 9820 9852 7082 3947 8348 2486 1623 8751 1663 913 7565
24 1978 9503 9813 8309 9705 3740 2480 5228 6336 9981 230 9054 5564 5824 4498 7822 6974 6578 964 6224 6086 1703 504 1015
13 7561 4255 6003 950 2663 6985 7698 348 7916 6946 5975 8215 5896
