26 6975 8121 6151 4279 8471 5210 2258 3001 3430 6097 886 4515 1489 3269 1667 9214 471 9929 260 6108 8104 9978 1396 4600 7854 647
29 1566 6638 551 9930 2350 5860 9831 2673 9172 2039 1259 7032 2539 1796 5122 7233 5652 8028 7181 3539 5754 7182 9335 5864 9710 677 8743 5930 1793
30 6428 8551 2550 3899 8833 4309 8454 6538 5510 6385 1228 4892 7388 1968 1451 3344 9810 2972 8626 4991 3738 269 2856 7583 7705 9613 4592 1928 8715 694
30 8450 9561 2069 2384 3177 4867 8634 4550 2983 2176 4062 4657 4612 1621 5972 3458 5958 4305 508 5288 2733 5449 6771 4510 2393 4702 5926 6722 6898 5885
30 6198 4189 1539 5771 8851 3126 7177 4567 3019 2334 8322 8040 1256 9529 2178 3121 9135 7276 4815 255 9174 9144 6525 5364 9680 692 5276 6960 8479 6065
33 701 9038 4390 1021 8049 3050 1994 745 107 3341 9270 5384 4921 3434 4658 8390 5132 6692 4477 6991 6649 9085 9396 1513 366 1782 4336 1812 7107 8484 7839 6546 4171
29 3155 4494 7015 3339 1398 158 8410 9485 5376 6535 3908 1349 9952 2520 1761 5191 4676 999 985 8271 9432 1775 5872 2991 7281 6203 6755 5915 2783
32 9475 816 4754 3005 1558 8697 6554 883 1012 9949 3212 4040 9862 9628 7118 8675 3674 3301 9209 4893 9709 7832 342 2628 8863 2089 1500 5408 9642 4699 6561 7796
27 207 2864 49 3264 5082 1689 243 9733 4822 4401 798 9906 412 9902 169 3418 3376 5357 2045 7646 6067 7594 1669 2927 2776 2850 6537
29 8103 7883 3765 3383 1926 2168 289 4722 2908 200 2320 8245 5694 510 8446 5820 917 6924 6724 7510 19 3787 5339 5085 640 2054 6435 5681 8385
29 45 5777 1425 8850 3867 2013 4252 6007 674 425 9126 1526 9780 4906 5451 3132 8787 5982 1073 6789 5891 4022 8635 7897 7125 5398 9152 2804 7215
26 6261 9340 5583 3519 3064 879 2439 1322 6854 3654 4241 4774 6585 9278 1308 4340 6953 8313 4886 8405 7600 2405 2537 8959 1522 9510
31 2717 558 4338 1140 3259 3680 2057 6128 1932 1253 4110 21 3146 8956 6114 8124 6653 4522 4648 4763 8457 6641 1041 3977 7857 8555 9148 1464 1638 6390 4275
30 6190 3701 7969 291 5020 5883 3573 2158 3215 2286 2062 8691 7509 1771 6321 2951 2568 8023 500 8800 4668 8361 5452 4362 1454 1765 7731 3349 1268 9770
29 1134 2847 9591 276 9079 5258 8966 147 7347 6978 9231 7336 258 2833 861 5716 4902 4496 440 1619 2641 9550 7734 2626 2093 8880 8270 341 6511
29 3353 7382 8468 2649 5116 7625 6868 6411 3486 9808 4396 3144 1647 6948 9381 8422 1221 5248 1502 8303 3052 3750 5019 3996 1237 1509 7319 4923 1298
33 2234 1753 3492 9257 8356 1745 5829 5051 5525 5682 1151 2470 2001 4958 9842 3606 5834 710 3723 4934 3571 7079 2997 8735 4563 1966 4505 7074 6577 453 5667 8132 7502
26 835 3877 7569 3855 5598 1441 956 9675 4931 594 6318 3490 5854 965 4845 8960 5422 4911 8856 5264 3699 1538 641 2143 7841 8465
28 5254 9688 1285 5472 4824 6351 2873 173 1725 9818 4728 2913 403 909 1892 1783 1511 9551 3089 725 8344 2566 9523 4196 806 2357 3826 8753
32 156 1808 5325 548 7458 8699 304 393 2762 2435 3887 6715 5175 4720 7990 7549 9217 4637 9283 8975 2663 8259 9512 2773 4810 9879 6619 262 1943 7261 2786 6301
30 2139 1312 6935 4386 8439 73 5348 5759 2403 7661 7409 6586 5803 5782 1170 5270 2206 3043 5131 8997 8822 6107 1362 1110 7440 5936 65 3008 8683 8636
28 8346 726 4802 3331 1715 5990 164 8911 987 3110 2325 9311 1873 2348 815 4750 354 6792 6140 5623 9605 8690 3459 1474 2385 5859 6269 7775
32 4467 3968 5941 3643 1863 952 1681 784 7299 8920 7392 8004 3487 1683 4021 3686 1249 6998 5539 5154 7040 3600 1949 3739 3577 113 4905 7386 1655 1211 7655 4916
27 7782 5673 5973 7219 3907 2775 7526 9362 3770 4158 5311 4914 3464 7099 95 9098 7999 2118 5179 1463 7145 543 4270 6490 9071 2493 9558
29 820 9764 8125 2205 9806 1239 62 5863 7489 4630 893 5964 4410 7696 5804 4839 618 6526 9239 8930 5888 6517 5286 4927 2523 5960 4526 6480 6588
31 5832 3169 6664 6936 3702 2137 2138 2771 8460 1555 5474 9500 1709 3314 8248 3759 3026 2324 1050 247 8608 7780 5414 2190 8706 4993 1378 196 4590 9349 4978
34 9670 9888 1599 5608 5197 8464 5005 9097 4221 1888 9425 2689 8511 5983 9072 924 4862 6220 6714 4836 3222 8419 9199 6372 9938 4024 7658 6209 2812 9805 4580 340 3829 7456
28 5266 306 9925 5383 8971 5516 7845 8381 7675 6331 3565 4818 8821 5817 5346 4614 9046 481 7262 4429 959 8075 4222 9934 9474 5374 8768 2480
30 2822 929 457 5895 2352 2058 662 9044 5700 5055 4857 6191 6434 865 9 2151 9757 4843 7881 3885 1563 2458 7497 9972 2392 7601 1947 7968 9161 3071
28 9151 7995 5041 5997 5456 7679 851 2853 9990 6523 5781 1168 1163 4295 5427 1392 388 2200 7023 438 201 1859 9301 1786 9563 1079 2620 4014
29 8995 9662 7695 1983 9606 432 215 6049 5170 2525 7038 6989 9051 3923 178 2077 3129 3319 4299 8947 3282 3115 3221 1086 8685 2505 951 2456 9941
28 9488 9887 5756 2836 874 3268 9752 35 2337 8848 1602 878 2382 6182 7114 9325 3567 5640 7041 7 8382 7987 948 8846 1015 9829 8470 6172
26 7678 5955 446 9669 5102 1547 6652 8687 5976 1104 1589 1972 4617 1461 96 2419 1578 72 5469 1703 1018 632 5795 5729 8387 7207
29 6430 4141 5326 9942 3312 961 5713 7176 2710 679 8741 1326 5314 6238 3819 9008 9707 8283 649 9597 3097 6805 4342 8510 7332 621 2487 1184 2623
31 1959 3452 4503 4217 9123 7519 4192 2468 4969 4044 2009 8253 2705 4081 1721 8560 7888 1351 9509 9641 8795 1065 2196 3023 5521 1279 12 9358 4339 5836 2338
29 7849 2452 6597 7358 5349 2767 1260 7668 8532 9781 6606 9970 384 9372 8278 782 7882 6106 17 7963 3999 6081 2438 9101 121 5586 1255 8443 5453
28 6599 3756 7787 9646 8324 2186 9980 2677 3479 9393 2318 5382 6648 3095 2546 7385 3013 3125 6900 4863 3658 7562 7252 1878 6222 4532 6496 7899
28 3060 8383 9747 1700 6211 4703 2499 3156 6268 7328 545 4835 2724 2342 8926 2484 6678 9516 7874 5363 267 607 4369 509 5734 2031 9410 900
27 6440 2417 8205 5908 5696 8418 1542 901 5403 8369 9116 1321 2893 4335 3650 595 3433 4606 1987 8014 3257 5686 8845 3274 5609 8539 2217
28 9601 4349 5966 3914 4926 2144 9229 3439 6162 4263 6800 9910 8159 5259 5379 6539 1611 6964 9614 1234 2764 3165 7666 1449 2737 6633 7165 1635
29 6507 7179 1067 4777 5086 1165 5670 5223 2179 9317 8499 4375 7340 3730 8378 1054 2753 8336 4868 9693 6373 6116 6420 1443 2964 2862 8244 8574 5988
29 2921 3123 1424 2557 4957 3744 3267 2642 9133 5568 3494 9179 8384 2800 3389 6930 1918 4244 241 1246 6270 3736 4968 8169 9170 9679 3345 6650 7652
29 5876 4935 1925 9361 8733 1961 8798 4134 8874 2558 9368 4284 3368 4829 8597 8999 299 5773 2602 8692 3809 6536 1372 3948 3649 9041 3328 7322 9307
28 2038 6488 227 8052 6177 7773 4730 7896 2161 8206 1419 123 8509 2617 1894 3250 5187 4054 1624 5641 6401 6477 1497 1375 7121 3457 2814 9354
29 9543 9498 1066 8829 3845 6618 3335 7561 6236 2595 6705 359 8352 1294 7493 6968 7630 4310 4202 5034 4154 1455 9539 7128 5615 2275 2273 3080 7649
31 2734 1965 9727 3630 5675 4529 5654 5351 5424 2433 8914 4521 313 6252 8231 6298 7919 4317 8190 6518 3790 631 7825 5743 9146 7998 9633 8750 7852 7608 2504
27 9053 9159 9054 1365 5881 1776 15 4069 6274 4229 3364 5488 8826 8807 6540 9011 9776 5468 935 2210 9948 6086 8712 8731 4268 6061 9741
27 2922 6152 6461 8919 8613 7436 1198 743 789 8318 2647 7370 9736 4276 5409 1272 6400 9162 7403 4007 3538 7139 9032 9134 9080 7362 1648
28 9435 8504 1842 40 6620 5520 8500 2313 4799 7455 3228 2184 4423 559 6166 1383 7438 8082 4439 7669 9305 880 2294 2976 5907 9987 4556 7774
30 7674 4469 3775 8481 4607 7865 8320 6393 720 1676 7473 7811 4316 954 4371 7859 2527 8599 2181 5980 5103 3789 5321 1979 2987 9886 8782 7789 7805 5320
29 1179 7828 1125 9743 1036 3762 7980 466 3882 2955 70 8813 7157 3700 5752 4549 4482 8491 2941 8098 2932 3980 614 6053 3015 2703 2915 2901 4644
24 2870 3590 3104 3258 1614 3323 9678 1009 5163 8680 4579 9704 5830 4602 7831 1488 756 4595 9656 5221 6534 2514 5774 511
28 4611 9440 5934 1051 7109 3036 1674 3528 8793 2071 4293 9497 6082 4578 9355 5924 5081 4609 6307 6894 4859 5140 2197 4936 9045 8070 2810 4329
28 570 8590 6482 1505 4005 792 7393 1797 2513 5963 3246 1135 3888 3370 3799 5287 3378 2473 1379 8580 1008 2621 2729 1728 5633 3645 9782 2611
25 4753 5467 5886 968 4716 7870 2331 468 1749 8189 3798 9455 3401 2326 4492 5389 2362 7797 7303 4176 7354 5813 7938 5877 5486
31 2758 6021 7096 854 9735 357 6280 5228 8263 8262 7784 9771 9412 4873 2390 8149 48 9616 7737 1973 9779 9783 4285 5089 8633 818 638 4237 7474 2157 3227
28 7662 6425 6231 5151 6753 1412 5850 3711 1242 7407 2255 4376 6063 32 3941 8908 4470 3419 3244 9946 1561 7904 2421 7048 1834 860 8317 8932
31 526 3288 3693 4068 2506 238 4313 2242 9324 2183 5904 3603 8144 2408 2463 8883 4148 86 5447 5001 759 348 9319 9684 9652 7977 9291 730 6184 950 2661
27 1813 9136 502 540 2343 9391 4514 3513 3715 734 4856 9247 92 877 6228 5095 494 2174 875 3357 9479 3498 8802 8146 9452 6598 4659
30 2995 8544 8644 1348 487 7323 4629 6485 9989 1802 431 2373 9332 1698 4294 3220 669 2387 7218 8643 9294 4932 5025 8323 1951 3940 3311 3083 4963 3048
31 5798 7216 4238 7384 4219 3347 5683 3997 1127 5838 8652 5501 2412 8337 3449 1494 4177 6530 3891 3754 9195 5283 1514 9061 1869 4584 7152 2911 6094 1551 3517
32 2368 4052 3025 1805 3921 7442 4156 6125 3272 74 4641 9363 1158 3392 7377 4179 805 5800 2949 6807 1845 2639 7372 7140 4613 857 2559 8979 5256 9388 3159 9481
30 1826 9742 2496 6294 6889 3291 4314 8564 250 3905 1304 4691 6609 2052 3955 1490 2882 7159 3113 3371 2259 7506 5715 8739 1108 3614 7223 7966 2879 849
29 5959 7418 8315 9288 9868 3302 3172 5333 9721 5125 2409 848 9889 5420 9218 858 918 6706 8221 7273 9266 5061 2958 7736 8789 737 6159 2467 1099
28 7427 7343 665 7084 9708 6866 5739 4413 323 8131 38 2826 3849 8255 1636 9617 381 6958 3967 6070 1687 5217 3163 1209 240 4058 4771 4087
27 1788 3051 1275 6445 5251 1276 6676 3604 7835 2735 8294 2685 2235 2204 758 5037 8702 1656 3549 8767 6880 5735 8965 3909 3451 4512 9827
31 3039 804 4701 4808 6363 6790 7723 8281 8737 3803 5090 7415 3892 6310 1176 4098 700 2226 5573 5212 7373 8340 8101 7902 5445 2926 8068 8024 7772 6133 4964
33 187 9328 3534 7638 8438 2051 2218 2301 3281 5760 8904 5514 7400 5852 4511 6716 6072 5627 1632 2521 9473 6381 1157 7827 5785 5589 9124 9576 6360 501 5845 2957 697
29 8709 188 9459 9956 4715 375 9537 3625 2917 3532 9973 8862 6976 8989 5808 920 2821 834 9626 1164 6071 9013 8929 9557 1543 3207 9573 518 3952
26 3448 2163 8568 5917 9052 5448 4788 6522 7931 9260 3194 8591 9279 1094 234 1927 4406 1732 1006 5866 8456 6631 5275 2008 6264 8194
30 2603 4661 6668 9820 1746 8503 8273 7249 9467 5390 409 9067 9087 2188 1933 8938 5135 4277 9050 386 2792 3718 9028 317 6917 2751 251 3668 7537 2288
31 9738 9371 5336 6046 7699 8063 1985 3238 5706 320 8249 5821 2055 5309 8855 1091 6591 7033 4700 9587 307 3761 9541 8521 4485 9022 6366 6972 1727 5204 9577
28 4119 4922 8227 9522 2769 8237 473 7227 5434 8794 822 1319 3584 5015 99 8051 193 8461 6083 976 5871 4283 1900 2491 5261 2902 3913 9346
29 3440 596 1779 6030 684 4302 5353 4724 9220 1680 1861 3453 2354 2730 3753 3886 4610 905 807 2361 3561 8451 7287 7453 3993 587 9971 4965 5033
29 8033 3256 523 417 4436 1575 6779 3854 4341 8330 7387 6213 6129 3175 1457 1876 9021 4572 4441 8452 1922 7169 2284 1546 2257 4762 1672 9330 7134
29 2635 4768 811 702 6961 3164 2053 3804 8897 8581 4325 2061 6138 584 2121 7739 6048 9295 6443 5087 945 3593 7445 3084 3208 2718 7553 3422 9154
31 1434 3153 3665 8678 7689 1835 7367 7607 5323 7278 3724 5879 203 353 4992 568 2225 514 7217 1286 776 329 9086 2162 828 37 7508 6798 8151 1235 5255
27 9058 7229 5846 4769 5483 9974 795 3225 6902 3802 6412 2426 4952 9434 9796 8288 7889 2229 3773 5929 5933 3521 7376 9962 7156 5513 8009
28 4891 746 8669 3833 5156 9416 3122 2840 4116 5439 8993 6364 3507 8604 3695 3828 264 4538 180 4604 4781 7254 9108 4733 485 7100 1875 8696
29 2150 7576 8472 7173 460 1220 6379 8494 435 9457 1427 2068 8857 5894 1103 7681 6861 9624 9345 6571 4928 458 9210 5225 978 47 9786 5227 3748
28 5371 1466 7487 5938 1675 1241 6966 1917 1609 8013 6183 5497 3390 3446 318 4106 4143 591 7211 3861 7073 8648 1790 8695 2779 3962 4586 4625
28 3171 34 4717 1124 1644 5714 7872 9986 5769 8466 452 8861 9118 7431 1713 5013 2321 2592 2696 3924 5190 6 3098 3938 6901 5844 6810 7234
26 5500 3503 7648 1600 5949 8368 174 8840 400 2097 6460 799 5265 3108 3978 7834 4261 3751 2486 7301 4907 399 5870 8891 9697 9204
28 4398 7337 4660 5461 7579 2339 7065 9533 1098 1074 7071 9993 8035 6272 9091 4280 9276 5692 5078 7945 3526 9569 5599 859 5466 9904 5050 5392
30 2584 2636 7539 3471 3598 7742 2555 8954 6616 6205 2142 8477 1166 1988 5198 157 7265 802 1169 2899 3414 5563 2461 114 5629 5725 990 4548 3472 6787
30 660 3482 5077 2305 3295 4009 5229 703 8111 2613 1871 7135 3506 5000 8332 2534 6502 9876 8370 4493 5043 3394 1324 1153 1811 4337 7677 368 5717 6216
29 4182 9213 2330 8003 780 6767 5224 3949 8264 4885 363 7037 1444 600 4918 1439 2432 6725 3822 2742 3497 4242 5776 8203 3547 5430 6029 696 4747
29 5634 6796 747 3306 8530 9258 2359 9055 9107 9327 9562 2355 9233 1774 6438 8972 7932 5554 1850 7446 5684 5824 6593 4008 1975 9003 7697 4111 4915
27 8980 27 5476 9385 2253 7621 6395 5302 1310 472 4732 1948 6996 9359 6075 2341 4321 3261 5335 8612 8280 4463 149 516 3664 6842 9969
26 389 2766 7871 2459 229 3186 7061 420 9548 7466 1003 430 8135 7750 5899 8563 4159 8030 9503 809 634 4811 7029 8298 1367 9418
27 6812 1030 910 5112 6516 3755 704 80 3018 9919 1564 8507 1661 4312 2475 8029 1652 4837 7640 1090 7017 464 7154 2749 2516 3381 3876
27 1711 7708 7894 3671 7259 4486 209 6793 290 4833 9089 6449 5219 7112 5540 2979 5295 6689 7783 1696 7469 6858 6838 2567 5161 4540 6088
30 3636 7639 4994 1976 4249 6844 2096 7768 6218 1679 8150 6531 7195 907 8371 1885 4883 183 5174 6110 1884 3933 8065 9450 4959 3859 2088 8236 4791 977
28 3016 1387 4751 8625 8204 9963 6267 6212 9006 4163 6574 6674 1695 4583 3646 3211 9264 2231 7064 657 4920 2317 6560 1254 2170 5507 1946 2497
27 6197 2583 7331 7116 171 6566 2774 9415 1519 8325 3670 6849 4132 9261 2540 6594 8226 5236 6957 151 1953 6273 8522 882 8744 9431 6090
25 3766 5801 9417 2777 3373 5360 9745 3544 8877 9793 7596 9158 7290 9547 6565 4043 608 1394 7444 8449 7486 7517 6495 8037 4605
30 3117 3720 4060 544 6150 404 9096 7408 6703 4083 3989 6893 7076 7404 2404 2171 5842 1886 5614 1931 6528 9226 5892 6679 8902 1281 5559 3289 2380 5240
28 5482 7613 1196 108 3410 2768 1203 6309 8377 2707 7815 4687 4696 7809 7656 407 9262 5750 827 7266 7204 7520 8810 3717 166 2969 3529 1289
25 9191 4581 6765 1152 2401 7361 4472 8641 5012 1226 6954 8426 9299 8295 4118 9922 6685 2073 708 6579 5091 6832 480 2059 6625
29 8725 6257 6879 6155 5244 2279 1487 3040 5274 5146 6666 4460 9839 6378 7884 5606 2278 3409 8196 6695 774 2831 6903 1005 1347 7991 9991 9918 3708
29 3883 7545 8143 5669 6748 3992 1969 6519 3871 8812 4289 7743 2547 6552 3435 6665 8341 2185 9323 1346 4056 9644 4939 5663 7055 7306 79 8941 3570
30 7937 377 2803 8080 3201 2145 5868 6816 9078 1895 5523 4431 2946 3705 2761 2739 1052 7778 3820 5495 4399 5697 7434 8126 2978 3842 9001 7817 3580 7492
26 4759 3972 8130 2358 8257 2136 4003 3508 3191 564 3981 8762 274 5642 1 4162 5778 3342 9843 8508 4155 4884 2094 1071 8514 411
28 6392 6578 2933 3518 9263 1639 3170 8274 6276 7503 8907 7877 9792 1401 1830 8860 9683 8269 9901 9578 4816 2588 4783 9713 8376 7843 3403 1911
29 7318 8085 5952 3501 9019 8053 3716 6221 8620 8541 4559 1516 7672 9057 2977 7258 9177 4488 4051 9070 3973 9000 7420 5437 1978 5196 5280 8360 5707
27 3183 6229 7511 4951 8431 422 220 4975 190 685 1020 1986 2656 1962 8901 1887 4557 7141 4879 3749 9399 349 374 566 7166 4643 9404
31 6933 5062 5557 9756 9933 4622 1659 3722 9394 4048 8398 6824 8358 9029 8455 109 5839 8621 9598 1117 1336 1591 6346 3206 5992 661 105 8077 9383 4135 5987
27 4172 8835 6992 3679 5826 3275 7239 6994 2064 9153 4782 9300 5330 7725 3677 4033 302 7628 8496 944 6066 8716 8788 3663 8353 2215 7348
29 6042 8453 8447 7581 8261 1016 7974 6341 2687 6230 413 8296 2276 7288 9763 361 8614 2299 9726 3566 8664 6467 1061 8567 1939 8501 9100 4418 2423
28 719 3075 4878 4067 9190 9489 8201 7960 6277 5322 7009 2416 6908 639 7763 2364 5628 3880 3916 8600 7092 4403 8985 7524 1266 1601 3868 4821
25 8172 8561 1364 5545 9636 6348 8933 1194 3304 4204 7334 8665 603 6418 8373 1341 4133 3475 1722 4569 9201 2498 2716 3106 6121
30 327 7794 330 9352 9772 53 5433 2266 5969 9442 8617 7645 2066 4180 7035 4424 2292 2690 8839 5362 8059 6840 5341 2115 9865 3959 467 1607 4708 1990
26 4071 8730 1807 130 338 5052 2745 266 3078 5292 5080 4288 5356 9630 5806 7410 8107 1733 6004 5995 4012 9766 9788 4913 1473 202
30 1141 3832 3681 5127 5263 5658 1264 7910 6361 9059 1007 7243 911 6368 4218 4365 6607 7803 1789 1565 8825 7193 4000 3483 8192 7119 6783 1615 5779 4678
28 5465 1573 8523 5462 1175 2201 7952 2838 4315 9338 1039 5222 6914 3127 7792 8348 492 9103 8171 6394 1902 2796 7521 4380 9869 9403 212 9895
29 9049 3209 5324 5237 6382 7482 4887 7412 5639 4577 8258 3035 9309 9367 4167 7212 6384 6877 7943 3690 6568 8881 9691 6289 1957 7738 5471 4962 2155
29 3709 1143 1712 6463 2965 1795 7488 8790 6369 2322 3185 135 4504 3416 6941 3003 4213 981 335 1625 8525 1284 1528 3990 9819 5386 8225 3305 3021
29 3875 4397 8870 6756 6421 8594 1222 6919 1028 1360 8623 6582 2033 8842 2671 6698 3814 398 7732 1970 4854 1388 2443 3586 2376 4411 3197 1533 7063
27 7735 4794 7694 2195 5416 1282 8442 6419 4889 8603 9760 2643 9655 6684 922 1453 3073 2047 7225 5111 136 8719 4265 8823 8409 2925 2494
29 5604 3782 288 3405 7086 5580 8478 3465 2937 2646 7753 5405 3415 4226 3657 7700 3068 3329 5616 7749 3307 4912 8742 3112 6356 427 3840 6639 1177
31 6056 9215 3856 477 9268 8266 216 4734 7993 1692 4941 1867 7785 5890 4090 866 9931 5546 1673 9717 1741 8056 7826 8301 3230 2619 8836 1815 5950 5698 7471
25 9321 9589 2418 6925 9937 899 7296 5861 5603 7525 6719 7363 1736 3184 9749 4508 6391 11 2282 197 8343 7930 1801 6680 419
28 8078 2381 9826 2916 2323 1236 9599 8649 1610 6329 3336 6707 832 7948 7075 6350 5242 6739 2272 9746 1200 9377 5158 2248 8164 1369 9109 6091
29 493 2830 528 5377 6556 5126 2868 4251 7755 5763 8917 1002 5332 6337 3889 6545 2110 4085 8291 7398 5745 765 1989 9903 3729 2866 9723 6830 2678
27 3363 3911 1037 4151 4227 2167 1804 3821 7097 9482 3131 1261 8489 9668 3576 6050 5246 6604 7535 3689 783 2285 6761 8061 7008 7066 7756
27 5014 3235 5185 1608 8108 5637 2680 8238 7190 7925 1182 5417 777 8109 7172 101 7823 7350 8 6458 757 7498 8032 6447 637 825 233
25 1577 9166 9891 627 6242 606 1174 7597 1082 3379 9127 1630 8605 9411 9823 5205 8054 748 3864 2374 1930 4271 4735 1739 1993
25 7006 8565 9039 6073 970 4358 8876 1671 3925 2116 9490 5093 9326 5378 3535 8155 6120 1748 7940 1072 5184 235 852 9015 7010
29 7148 280 1339 3903 6102 5066 5912 3103 2728 8700 8988 3298 4667 2577 4045 3786 1819 7676 8119 3031 3178 9610 9905 9878 2709 940 3072 1559 1773
30 2446 9284 6001 7031 5537 6275 5783 9504 365 7981 9436 4888 4223 4428 6951 9010 3152 4027 3109 8571 9985 176 9638 2160 6907 439 4698 2400 2213 3386
31 3190 1568 2785 450 2003 4910 9241 8375 117 6300 1370 2909 868 3563 71 3893 1507 9666 1828 7425 4670 3969 9574 4971 2824 8527 6709 9535 769 3202 7555
29 1579 4260 5503 8566 4034 9907 163 8285 7840 6944 3340 4726 5509 7939 1034 3771 512 5695 4125 2660 4372 3397 9849 1583 4450 253 9505 2016 3634
28 4960 7606 8399 7244 2930 4307 9461 2542 1872 3055 1085 7005 8630 8732 7898 5816 8817 7226 6243 8287 9620 2214 2819 31 3522 8187 946 1637
29 8849 9246 8027 2479 443 8957 9456 8718 1541 437 7580 5578 310 6352 5664 4633 6380 6851 2692 8804 9896 2827 4029 8853 9181 4646 172 953 2565
31 5233 5555 8118 8234 4587 6622 6752 1549 4095 2522 3058 39 9618 3585 6873 8780 3641 8758 3824 7684 2192 9137 9331 6899 2046 5110 3779 9293 3218 126 2436
27 2648 9104 8120 5910 2101 2782 5315 3785 525 4564 1128 6508 2615 6439 2245 9671 9758 5602 5893 2102 1586 8542 6059 8305 6404 2530 4977
35 5057 6687 5564 6970 6407 4248 4903 1898 8235 5935 1207 3986 1915 55 9501 9923 6743 9292 2708 4509 613 1338 6505 7098 2081 8357 897 5873 5342 1626 4291 5092 8412 9882 4188
28 152 4632 8717 6000 4082 8569 8828 9554 1083 392 9857 3134 345 2428 1598 4438 1581 8973 488 6642 4462 1297 3752 6717 5491 4674 4707 7947
29 2198 8934 2012 3696 8681 964 8000 4432 8944 8008 7560 1870 9207 2939 3400 8837 6853 5977 279 6803 7302 7687 814 9285 5593 2119 2829 9296 537
30 1785 9960 8366 8017 3659 9150 2992 8609 4672 980 2175 9376 4544 2044 1483 5048 6156 5268 4149 5399 9530 6349 6194 1501 8243 8535 192 7900 5042 9958
29 8044 7781 4944 5310 4144 8072 8970 3480 7202 4792 4153 4266 5162 8963 7058 367 5076 1088 8684 5920 2861 3413 6281 7717 8117 3092 7004 2587 2107
28 395 9200 5171 4181 7359 5406 8211 6188 5036 4290 916 580 8550 5485 1906 7285 6875 4731 2240 6723 2612 8606 8247 7858 2616 6737 6656 5107
29 7833 8546 6497 5136 7636 1422 6123 675 5784 6186 1132 332 7706 5811 249 8137 5202 6119 9419 2929 3252 7627 1699 4624 1714 6921 3226 7294 7688
28 3233 9447 3027 6234 931 738 2770 2238 8645 550 5068 7863 7056 7612 557 2251 8534 5415 7070 1332 6855 5243 8940 8058 1227 3148 2985 711
26 2711 314 2482 7986 4677 2298 1433 4562 6697 997 2699 2589 9996 5505 6104 248 7283 6549 7269 6316 4468 7457 7280 3421 836 7908
30 9822 9872 23 5475 7309 1809 3442 4165 908 4828 7338 87 7291 3484 2935 5847 213 6448 8996 6760 2344 1510 9682 9602 4741 8306 5685 6371 4685 1363
28 586 9992 9755 9627 7022 4621 927 2274 1980 4665 1889 741 6018 3251 4743 2424 1068 3213 2407 2839 1291 4770 9715 6909 4297 3057 5365 6164
29 3873 2202 8400 4046 8714 1373 5218 9725 4457 3784 1269 8153 3721 198 2982 3616 4693 9653 7333 3077 9357 6733 6548 7220 8779 6305 1295 4254 3531
29 3187 9814 7946 5815 9899 8575 1521 975 194 4652 4443 8939 1147 6457 1137 9400 7248 2246 9429 8705 4220 8354 1658 8838 1594 6052 5543 3059 4539
27 1415 4507 8885 5117 167 6099 106 5975 3637 9575 9466 2576 4368 6362 5199 9487 4861 1992 5961 1628 4999 6339 9705 8953 3474 4235 8909
27 7633 9248 6857 9884 1448 221 319 484 5757 4363 5366 1708 2610 8435 7588 9595 8087 2492 4842 4663 8275 3578 4108 3214 5285 6240 2681
30 7324 4757 6003 4455 593 7842 513 2738 5887 3865 8602 9502 1618 3685 947 2872 6802 5884 1623 490 6788 6984 1438 770 2336 3998 9947 6397 4881 7368
26 8854 5535 8977 3932 8584 8727 5396 2281 6256 1329 7007 2682 3944 2369 3102 5056 2700 1084 4203 2471 7339 2953 616 287 6217 9837
31 8141 5552 6980 9441 3149 6374 4018 8992 1131 9585 4273 9084 9499 1694 1460 2080 6044 5718 6786 3047 8319 4860 6469 4554 1019 195 1470 6181 4998 966 8799
30 691 688 7395 6250 7707 6922 8991 5506 3234 3835 4383 3456 2967 7491 6134 2462 7829 8429 1582 3296 3338 9176 2434 218 7746 2572 7002 6524 5007 3143
29 2414 1896 5965 5387 3412 8924 1998 7880 7046 4684 8808 6997 4823 8538 8020 4420 3463 4955 1654 4924 6247 9333 9950 889 6704 7951 6821 1484 6135
29 3387 6791 4989 2005 2037 2664 6985 5925 8251 6675 3850 8284 5428 1642 1142 1122 9387 5252 5498 9730 1940 6144 7895 983 2533 8981 3168 5591 9163
30 5919 1691 9787 5534 4573 3836 2129 4692 7660 3086 4262 5440 2857 2017 4160 5767 8362 1606 2379 6195 9026 3223 712 312 2427 6833 3760 1105 3956 6730
27 862 3656 16 1758 949 2346 0 3195 9314 9254 1309 76 3879 6670 4756 9427 2070 5931 3395 727 9603 1718 892 8987 5375 6587 9799
30 5260 8579 7704 5213 7982 3582 721 6262 8968 4452 2961 1792 5533 322 7712 4776 6226 7546 5493 5617 9518 3140 7293 1529 1974 5702 5882 575 5789 447
30 8786 2698 2000 3698 7867 8526 7441 4385 230 5350 9821 5438 6757 693 8168 2564 4706 4618 1844 658 4073 7567 932 4705 44 731 1446 3719 6952 2894
28 8267 1330 1590 8282 6718 682 1904 9267 2802 2943 8755 6010 6406 1145 6895 9312 2111 7210 5986 4853 7821 7250 8326 7714 4798 4026 3101 4594
27 8039 7115 3322 663 7721 9803 5296 6296 8628 7531 4402 6026 5299 9119 9471 9480 829 401 7920 7905 10 6769 3930 3601 451 2532 8351
28 8057 9740 3772 6258 4976 4278 2591 2950 9491 7078 1693 8055 7345 5689 9448 4414 7912 762 6939 8138 8473 7451 8622 5294 1316 103 1136 5273
29 9861 994 5653 9042 4200 1042 4566 9954 615 6263 199 5818 116 4603 9552 3662 461 1366 1043 3935 4772 5011 3374 3426 7551 4412 6266 3901 7936
28 3425 2351 3560 9120 2236 456 3520 1759 9883 2891 2124 8775 4448 6611 1225 2173 6839 1649 4245 9259 7501 6911 5764 77 9778 5948 5481 9768
27 2772 1187 6683 1751 7230 3009 2519 8050 3420 9619 2624 2835 4435 778 1262 3609 5565 5484 6946 1190 104 8102 9004 6943 2105 4940 1185
28 3815 2795 2855 1410 9790 2106 4089 2233 2892 5397 9689 8832 3284 3317 6399 6904 903 9981 5708 864 2035 4445 6101 1857 1181 5787 120 3870
28 4852 9031 2524 817 5999 3757 4858 4356 943 6690 2474 3975 6993 2551 5786 7499 803 9465 8198 6043 8064 284 2883 4061 749 491 1313 4690
26 5046 1271 8434 2858 1465 7430 6731 572 9182 4004 8025 8260 8350 6612 9672 8095 2697 2488 4806 4536 3154 5402 6573 8402 277 2451
26 175 5160 8406 6640 3278 6912 7117 8518 5183 3608 6098 8639 2683 9232 449 3895 5567 2453 1116 579 7818 50 2383 5391 2907 8816
30 9714 3704 4259 1442 8162 7158 7988 3489 5802 8309 1688 7068 8659 7989 143 245 7124 6306 5098 1720 7127 4899 6913 2074 1277 3527 5344 4793 1106 2791
27 8339 3640 9095 3536 1257 6727 3647 4640 4542 4243 9222 6915 475 4434 2740 6965 8230 7504 4528 8163 8852 6293 6506 24 9866 5410 9478
27 1109 6897 2954 9699 9817 9462 4673 3427 1532 7761 7108 7312 337 9424 1057 6009 507 5655 1075 7599 7113 1912 3478 7868 8100 9164 7568
27 8858 839 7421 850 779 9590 184 3192 110 6069 8191 9249 6143 1146 8942 2312 1450 9511 3792 6834 8485 3706 7711 9912 2444 6038 7722
30 9106 102 773 4766 8513 1417 3 4393 1340 4348 7765 6225 7423 609 406 1358 9570 9140 3325 326 3666 7255 3673 2553 6887 1682 6153 8272 6235 6804
28 9890 5245 3781 9520 8421 2622 3203 4545 5277 9035 7830 4546 4199 7893 9830 6963 8186 9401 6023 1605 8342 4908 1518 5747 3697 8092 5562 1627
25 7245 4433 6623 5855 9625 43 5911 5133 8067 2887 4599 8886 838 6837 9169 6326 9920 7685 4709 5172 7967 4320 2942 5257 6173
27 6781 8698 6154 2604 7864 2640 8751 5542 7800 6738 8441 1971 4533 4147 1046 5727 1456 7500 8396 2402 2127 2455 8428 1479 2311 6513 8964
27 1764 5939 5865 9130 873 1095 5587 2207 257 6918 8769 6187 1482 5443 7673 588 4742 1335 2002 4729 7512 6431 9517 7726 7371 9544 8670
30 6845 9692 182 6871 4050 7992 1740 1342 2310 204 8089 9964 2495 387 5450 2837 8276 8425 4787 5431 2515 9493 8079 1318 6260 5985 8895 1916 8265 4361
27 2440 8653 4568 7979 2755 5705 8176 9762 974 9375 5279 1920 6601 5075 3495 2216 536 483 4972 5762 4324 3424 3239 617 7123 7747 63
29 9141 405 5069 429 3367 6464 3090 9880 5301 3254 5547 8047 2397 4930 7298 7924 5880 6124 4475 2898 9234 346 3823 7619 3510 6818 4841 8548 9914
30 4523 8502 1060 5914 1499 4834 6481 971 1784 7748 1897 8122 4047 4565 6115 680 57 6629 9659 5186 1823 5494 5576 9167 7228 2261 2448 1891 9873 7162
29 6570 2146 1893 5794 9804 1554 7715 9961 4809 7317 4446 360 7824 7237 3010 6414 7196 6617 5989 6759 6087 1356 3862 7389 3447 5515 6415 5618 6865
27 8097 2607 6265 4239 9073 8693 6292 7349 793 3648 9056 9090 1206 3834 9414 5426 2187 4740 912 347 5143 4426 3081 2264 2834 3030 6055
32 8598 3611 286 8177 3333 9128 2147 4495 690 3830 5253 5343 833 6672 8824 5691 6208 984 8529 583 444 6232 5164 1476 1355 3087 6848 732 6916 4981 282 9982
29 9189 5595 6402 8936 4817 1592 6979 5074 5023 753 3631 3795 1467 9800 3525 3639 5755 755 9875 8524 3032 8427 2302 3943 6929 4827 7850 9607 6632
29 4904 2297 2365 7253 3139 3411 3667 8328 9149 6015 6171 9728 7949 2645 5732 5731 1848 538 2420 9801 6219 7137 9859 3910 6251 6308 6823 7806 7049
28 2378 5613 9236 5566 8074 7180 4076 4231 9975 6550 7651 5329 3839 1223 9716 7564 5541 3594 3248 2580 154 5607 1570 8556 1287 6012 5178 9700
27 4077 159 1556 2169 2841 4530 5857 1735 5278 5687 3315 5352 6024 4925 533 9196 4378 2975 1803 8809 9631 442 8935 6068 9731 2809 2149
25 4764 2874 9559 3557 9027 7605 8256 1839 8912 2078 9871 394 58 9673 9674 9534 4894 4982 622 821 4608 573 8487 8240 1508
26 9446 2554 2715 3524 3455 5058 6409 1032 1668 9908 4456 1544 5720 6100 8759 7591 3007 3900 9245 1646 6702 6324 7810 556 224 1199
27 4980 2890 4909 9621 9761 4096 6036 4017 7450 2760 5249 4985 522 7053 775 8034 1684 4513 5788 4744 8252 3135 856 1393 4518 4714 496
30 4801 9538 1531 3260 6117 1390 5318 9565 2679 4370 1096 1622 9703 2923 7001 6433 6492 6494 599 3788 7547 7454 1827 9364 6103 9277 5459 378 6947 7886
27 1359 8492 3951 9273 2633 4933 2391 8022 4174 8215 8967 855 3983 4109 8210 3193 3615 1901 3617 2356 296 5719 8219 9099 9687 4775 5666
28 3516 7918 4803 273 7769 4942 2637 9437 9289 4272 4064 644 5611 1847 3942 751 2125 6078 9596 9928 7550 5902 9608 9686 2844 1010 5953 5208
29 7138 3384 6754 1964 4655 6794 7538 4145 1118 7614 7906 8558 3622 3502 8871 3939 5825 7428 3255 7051 1569 9298 5710 3838 8747 7970 2067 7178 7272
28 9696 281 4006 9428 7149 5596 1821 5843 1837 4591 3635 5993 3477 958 6204 1240 5841 3638 8312 4626 1843 942 3237 6867 3308 3633 4712 9604
29 6423 9194 7251 2472 9382 9629 7719 1245 4589 9658 5490 5304 5411 3568 4471 7126 5394 4596 424 8403 7819 7263 9623 4790 3848 9112 624 8774 6246
28 1752 5492 5632 9484 9874 7087 7944 4642 6470 4247 3774 3402 3020 9287 8650 6846 7378 6353 6938 7095 6031 6158 2545 3687 1404 1288 2670 1397
29 1204 5984 4458 1059 678 1229 6686 2027 4264 8573 6813 8722 7557 3920 4113 6334 1950 7314 7241 7170 7085 137 9661 4593 9208 2848 1991 283 5193
26 2182 8386 4091 676 5307 8913 7240 4785 5951 7059 428 7077 6741 7171 6170 7570 9676 7959 8091 9318 6478 8533 6532 2189 4345 1868
29 6130 6956 7494 4481 3866 294 4183 9272 4079 7942 67 9081 5504 4855 3067 8401 8333 6336 3372 9926 9722 6355 6569 5173 4995 2999 9650 8898 1445
30 1408 766 5529 2963 6504 2569 8239 2536 794 3678 3813 8222 2316 673 3684 2256 830 5150 4086 1296 410 4484 6694 8647 3841 2962 843 3074 8180 9600
30 666 4303 2152 6655 4 5182 208 5022 7915 6547 6572 3791 5404 4379 7860 3894 30 6282 7081 4035 8674 6896 8181 4755 2905 4490 1263 1027 3188 592
31 333 7609 552 9632 9702 9816 589 8756 4394 3984 2601 5070 1754 5441 8007 5104 5026 2653 2447 1523 148 7814 7657 3994 2896 7713 6660 2501 6762 7593 9802
30 9392 5354 5008 1491 5247 2239 8462 9184 4880 4864 5412 933 2076 3303 2056 7012 9430 2714 7236 744 2164 8869 28 9114 5932 6602 8672 4437 7424 7820
27 1377 9202 4535 2353 6005 1787 4298 5496 7462 1402 5874 4748 7844 8129 716 4389 7573 3732 3017 5145 8127 9881 547 7246 2075 764 8629
28 2851 3240 698 5345 2736 3898 5610 2918 8423 2947 1189 4844 2548 7247 7702 7018 2219 2945 812 4187 6035 6923 8202 1874 6932 8640 5991 6051
28 8595 4057 7752 1380 7185 5916 8553 1081 569 5699 6882 4343 2845 8713 379 3805 1584 705 9711 9206 5792 6782 2885 5809 1022 870 1690 2367
29 934 1038 8710 2599 4126 4053 1243 1299 7405 5900 7816 6814 6581 6721 2666 9290 9852 9469 9998 4016 8729 4210 2340 4746 4228 9064 371 8167 5211
28 3922 5241 598 5585 408 8093 2744 1777 4527 7305 5327 2148 7321 3747 214 4838 2910 8827 5099 1755 9402 8905 7360 9667 7050 1270 6142 1921
27 3581 3551 6699 7798 2752 8651 6427 2794 4193 8493 161 9092 5974 1853 7184 3574 9405 370 179 7160 8173 8772 2638 581 8582 4897 7341
27 2098 1595 7014 9785 1631 2920 93 6436 4055 373 4374 529 7150 914 2283 7206 8041 1101 7786 6122 8229 5358 2454 7289 5549 448 4037
31 138 436 9460 1192 7650 6677 8178 9795 5312 9885 5142 7484 560 3290 5063 5027 9344 938 7437 5340 7762 4778 5858 6886 3613 2483 3219 6920 390 4585 3399
30 2223 2091 9635 1860 5109 9139 2024 8865 3619 2194 7745 8894 6773 2900 1744 6375 4332 1840 2425 7189 8537 763 4675 2199 826 9069 2731 6074 5418 6575
28 3216 1846 9131 5298 4355 5079 4950 8389 2303 7419 1092 1395 4100 6809 6338 4727 1403 2886 7632 5194 9265 9449 8308 8520 8241 8830 7470 3808
29 2563 3361 3099 2141 4408 343 2232 7693 5293 3166 9976 8815 9228 9694 3028 5947 7779 2043 4541 6734 6285 364 351 4407 9542 8916 4354 4419 3116
28 78 9791 2 1429 2701 2154 3858 926 3675 6860 532 5998 1126 6945 1409 7307 7221 5957 8199 7325 1475 2025 2667 8559 2345 7174 4635 582
29 9988 3991 9304 3811 8701 8711 6112 2289 9870 6472 8677 6454 5579 1314 6483 5746 4525 1910 7634 2880 6047 2875 6659 6688 6002 5548 2789 824 7364
29 4760 4066 8134 7449 1024 3610 5619 9936 8154 5100 9690 7284 5083 228 8185 7692 1382 635 5688 2022 5338 6645 5814 459 5677 3936 9828 1327 7540
28 1048 8152 6890 8547 1080 2801 9223 8001 6872 9917 2986 8448 189 1504 5662 3960 5733 272 5722 3626 5381 2884 1995 3111 3014 5032 3279 98
29 7914 1824 3533 7496 2876 3620 4636 1093 8577 8036 902 1317 4140 8505 1405 4919 6836 4120 7909 4164 3432 7961 8380 6080 4326 4360 2712 2807 2528
29 7313 7984 6864 9175 5680 1133 6643 5303 6312 5355 4124 7275 1172 986 382 5978 1376 2026 2596 1230 2605 8359 5558 5017 7923 4619 578 7718 4131
30 9180 8184 8207 4214 3462 7416 2126 3443 3587 1603 4736 4898 1825 3174 6471 4851 369 6396 2133 3945 7716 767 506 8188 9074 7807 4947 1678 2267 6202
28 1660 7574 1816 7724 2747 6016 7375 4524 9531 4679 9815 1389 2314 3377 6147 4240 8900 5605 1478 2363 7799 3157 9476 5650 8986 7926 7270 7911
29 7080 5130 6819 4415 3283 9909 402 5457 3100 5235 3545 7000 4002 2606 6878 8338 8223 14 324 7133 4405 8212 723 5765 3559 5536 9438 2585 9343
32 6603 6720 915 1520 1178 1588 33 5177 5168 925 2457 2011 9855 2818 9824 1726 8031 9507 6079 4645 2307 535 2543 4849 298 7972 7477 3607 9767 6498 6732 124
30 4115 3632 9336 6416 8193 3318 8012 7369 9848 1620 3313 8562 3147 2984 4157 254 2695 9647 3569 122 6831 3294 6501 3713 4020 3734 2441 119 2134 5517
28 1572 7205 8952 4311 2746 740 185 5772 8728 3797 1742 6192 1552 8175 5590 3293 7208 672 8570 7686 2476 5155 7602 8803 3979 6320 3444 6422
24 1587 6557 3878 7120 7151 8884 1996 5512 358 2867 300 115 1188 2006 7836 1640 772 3768 9225 6141 2627 4197 936 9192
27 2600 1512 5209 144 5128 3954 7147 1138 4377 4025 7268 636 2004 5072 6841 6376 325 524 97 7971 6109 8632 4366 8218 3970 362 4347
29 2849 2265 3628 6778 8327 3380 4553 3644 1167 219 2725 4988 5395 1144 4986 9024 7795 6905 8921 9911 2023 1814 7659 7595 9900 9916 7921 3555 7414
30 9111 476 8781 5751 1325 5308 7381 771 1064 3176 1643 3825 7958 3360 6829 8436 6426 4146 8667 4654 9083 5271 7391 4651 18 7618 2203 5849 7194 2980
29 5835 4065 8607 1468 5898 7279 6876 8006 8572 4444 6037 8889 6693 6206 6176 7586 8990 3927 4704 3473 6775 9171 921 8951 25 2104 4695 5029 5065
28 6340 8896 8170 6475 1250 9777 1300 6295 1477 1545 715 3982 4092 7242 4669 9794 6403 7292 2988 9532 3843 3726 2865 9953 5805 3758 869 9932
30 577 6770 656 1148 8083 6995 9322 3847 5742 4758 4500 59 3515 334 3094 6345 3896 131 56 1224 2625 3337 2277 423 5300 2250 6784 2544 8583 6405
28 9858 6245 3618 9966 9751 1923 930 311 7483 8588 5297 1023 781 231 7199 5479 5810 4498 463 4206 728 7665 7019 2691 9320 1540 3334 7326
28 7256 846 2263 8950 5460 3049 3205 6744 5570 1248 8760 2153 237 5909 2464 2287 9040 5419 3852 6314 562 9062 4121 2732 4984 9774 9188 1651
31 5703 6214 6959 8875 9984 1267 1430 630 7927 4388 5238 7213 9250 1029 1353 5622 7994 285 8331 165 6118 885 2655 8179 1374 4571 6377 9094 1399 6647 4576
28 6424 2517 9366 5113 5115 1197 5797 7598 6473 7671 5601 4168 8976 2019 1458 7013 9734 3085 8016 3000 3358 7101 6317 2095 3173 9580 1653 6207
25 5030 9117 5134 9967 8726 2410 9798 5121 4440 1436 3065 210 8610 1047 6387 2726 9566 3564 9048 9193 7342 2422 796 2431 2406
30 1999 7426 4662 3579 7976 4718 3091 6286 2489 261 1011 7122 5770 9833 2632 2114 4258 6180 6343 1480 742 315 8922 2109 9524 4615 3041 3138 3540 2994
27 5455 3511 7186 4122 8778 7295 7667 6551 3556 1882 6630 1899 2897 4215 4011 7102 418 9553 2684 847 1945 9468 5039 8749 8195 4866 6906
32 8424 4474 6595 9797 6284 3266 4030 6437 1767 2919 2083 8668 4519 5347 6701 4417 7044 2466 1858 4191 8984 9005 2750 433 5518 5234 7052 9759 6008 2481 2007 6627
26 4634 9913 191 9811 6869 3332 5188 5138 1420 2538 5192 4582 5200 3974 1413 9047 5631 4451 5676 8738 4267 5560 3196 1967 6542 7917
30 7643 5097 4543 5206 6474 4476 6580 3348 9660 6847 546 8106 2859 8094 1498 3180 2631 8843 355 4826 3012 6034 6825 3627 5728 8197 4840 5317 8819 5921
29 6096 7822 6785 1818 4560 571 4627 8831 4874 5071 4497 5282 4601 8148 8688 4800 6288 7003 1729 4211 9840 5088 6799 2063 6828 5678 8619 4097 973
30 1769 3145 5944 3460 6509 1890 791 1160 5556 9451 4900 620 2924 1214 331 5840 4723 5373 3961 3004 1955 9088 7571 8071 6774 4287 1629 3467 9724 6491
32 2823 1247 1014 3682 2395 1612 6859 4395 5878 3388 2799 972 2808 3454 9458 8864 7271 4623 5003 2723 3445 2816 1617 4427 6455 1183 3438 3661 8682 4353 9838 3232
27 681 2993 4246 1113 3746 979 8293 9546 5875 5401 7330 9593 8892 3926 6892 9877 9893 7813 8367 8208 1432 3002 7754 4961 205 5002 1154
30 3592 6600 9408 1025 7637 3079 8506 7142 2511 7875 1292 1459 6484 6398 611 2224 414 3408 4023 9009 6297 5656 293 316 5665 4688 5215 5712 2936 6479
27 2805 8961 7475 2971 3707 6520 3703 9235 2846 7812 7522 4344 225 4943 2581 211 6058 5853 2366 9649 2117 8084 7192 6311 5432 2956 6014
29 4804 2713 6610 4169 1100 3396 1123 5671 9898 7629 5189 6033 7282 5913 2675 539 9609 1977 6249 6054 4711 4102 7892 9348 6797 8637 1820 2099 5644
29 4574 7448 2512 3735 82 6822 7513 36 8974 5659 6856 6927 7072 3806 3801 9252 9483 505 840 8671 5047 4216 4075 823 894 7413 9586 7965 5561
26 750 7235 5031 2048 8937 5167 141 8723 1431 9983 5018 9769 8601 3672 6758 1213 6691 5979 8136 5575 4664 6327 396 3589 3918 2582
30 7136 1938 4797 5511 1278 8910 6826 1368 8005 2415 7847 9812 7928 1371 7300 7346 6742 3512 7365 7495 1159 8676 9306 5380 5582 1119 3120 4832 6942 2254
28 1942 8073 4896 2578 4084 1794 4137 2574 6562 2989 2928 8616 8686 8140 6453 1161 7143 2271 3976 6468 4537 5232 4666 3796 937 6189 655 531
25 4974 4796 7042 5668 4195 5 5435 888 619 5793 7355 6367 7532 1719 5737 8773 2702 2871 1251 6370 6583 1716 9579 7631 8096
29 6613 601 5967 6635 3763 837 2018 9943 6163 7304 9526 5291 5108 2903 4761 2060 5643 226 8495 761 2676 5250 6926 8433 5996 41 2371 7996 5723
29 9581 9282 9243 89 170 2212 9329 6817 5748 2832 1089 8147 6145 9280 1936 7088 982 3928 4865 2112 6019 2377 6751 8515 4479 9398 5489 503 2659
31 2652 6347 271 5553 9076 4001 8754 996 7111 576 6233 4130 8552 567 4074 4551 5775 3869 8116 6827 1757 4491 6605 7862 4848 5624 8777 6169 4890 265 9527
28 9014 9445 9568 7026 1907 4323 8873 5159 3683 7257 1723 8899 5306 8915 7953 2372 7758 9999 5385 2974 9386 7198 29 1311 6713 5231 3404 5470
28 9832 654 2191 3128 1756 1462 1677 4487 6160 3262 3273 6085 2790 2082 2010 7556 9513 6712 8300 6333 7057 6342 8045 9924 8994 7741 9841 3082
29 7320 9155 5532 6032 5574 6746 3114 9583 383 5502 2230 521 5768 2014 5994 6624 2888 955 7808 5060 2449 155 1208 5319 9637 5527 5054 561 5044
27 7851 482 1437 8592 2526 9515 3118 4795 8488 7680 790 4945 7554 7620 2560 3137 8200 8217 6476 4686 5203 6592 6139 5812 3906 9645 4871
28 3491 6227 4392 4088 667 9754 605 7016 1593 380 8486 5407 2030 8347 6646 6772 3470 5040 3596 8304 4786 8662 4308 2503 6541 3800 7804 7533
31 7760 8432 1139 9836 7383 9540 9183 2797 9851 9203 7091 1880 9365 1914 6365 9560 6628 6487 2460 6064 5094 8069 9744 7224 6239 1017 1580 7617 9422 3366 2719
30 7277 8090 6543 534 336 2399 6563 785 3731 9864 7316 7703 2590 7983 1044 3807 628 998 8707 9156 5458 9663 5328 3022 4038 6011 8516 3958 845 7577
30 4078 8394 4765 9685 1560 1515 8417 2748 1836 8182 1849 7267 8536 6388 125 8796 4139 6726 6466 2227 5572 4333 8806 1274 5305 5819 6503 2041 7654 5738
31 3181 7611 6459 6681 6304 7379 7916 6084 6185 84 5828 3543 2973 4598 7587 4072 4129 2485 1780 9867 549 4225 3691 4209 8576 2328 4459 2308 4552 6149 7534
29 13 1492 5334 7191 6283 629 7327 150 4938 1307 1423 7352 3310 7308 7043 6696 7515 8242 1763 9706 3029 4041 6465 6076 7604 6041 5621 6179 7527
27 90 8740 5129 7890 8277 7286 590 9395 4194 7664 2028 3553 2720 1056 831 5827 4555 7563 9237 6608 2934 6661 7683 415 4683 8879 6148
29 3902 8545 8927 7060 7790 5744 5010 8458 9921 7802 1524 8512 9185 270 1391 6940 8587 3162 7624 8704 7311 4036 8174 6745 6654 9927 3161 5551 7907
31 7653 3562 275 6888 8890 8820 6255 1076 2608 4387 7163 8123 9420 4019 5281 2686 3061 9712 5730 3890 4404 268 6949 6126 8888 186 6022 4973 4352 5897 6835
29 3423 5147 2793 9470 8841 3150 9719 9955 8463 8076 7045 83 5169 1320 2743 5220 1416 7155 5393 1252 9142 890 3655 4721 7542 6303 3062 4063 9784
28 8220 8724 1062 563 6910 4628 3300 3558 3130 5429 4882 4430 9160 7130 2508 7514 8158 8420 3776 4987 4233 9373 6636 8770 7106 7435 3769 5823
30 4473 1191 7183 4917 8765 1055 308 5176 8483 718 5480 5290 7740 1553 6175 6223 8133 7578 1426 6870 6700 1107 5316 8088 9020 9143 2959 3468 9860 6614
26 7584 6330 4236 6168 7575 5478 4350 4205 5369 1301 9545 8844 1097 729 66 4780 646 2650 6934 1162 5709 3351 2329 9444 8631 2103
27 8099 6982 7439 2140 1421 504 7777 8642 2260 4212 4825 4713 1530 2193 9066 8847 7879 967 2688 9775 1129 6040 652 2828 3985 4256 9255
30 3210 9251 1049 6113 2166 2429 541 5862 4520 9012 4869 4547 9845 3441 6462 3605 2445 6045 6127 5923 6095 139 217 4979 754 3988 8893 8978 7399 9138
27 5262 6062 736 653 81 5446 5105 9178 8224 7082 3846 8115 7973 895 3437 2290 5672 1201 4253 8474 2437 6077 4138 8165 4461 1503 6413
26 602 2090 3937 7922 6410 4286 2375 2450 2541 670 9634 8859 9007 3011 6006 8578 6768 100 9521 2347 3309 3688 2618 9894 8105 9643
27 671 2335 61 2293 3623 9773 5368 134 1411 3158 51 2100 8335 709 339 5006 7200 8310 7433 4649 6662 7490 3946 6673 8589 7315 2518
27 3179 8415 9286 2036 5901 6244 1306 1193 9093 7209 1045 7941 4382 664 4421 3837 3327 5636 3217 4013 1447 714 8081 3653 8784 1738 7460
29 8299 8128 7402 3476 1737 8250 1854 800 8042 5508 648 2780 4749 9959 7853 1567 6302 4738 1471 8161 1078 6801 735 2721 1881 8011 8945 1791 3767
29 9211 7030 4807 3385 3612 919 132 9477 9350 1121 2243 5584 4689 6728 3034 1114 8867 884 7027 6682 2172 786 3712 8363 7164 4224 6626 1954 3504
26 8372 8657 1407 2573 5226 555 9407 6215 3912 6344 9173 6224 7459 2817 2300 4656 2087 3621 9944 5807 2579 5016 2938 8416 5361 819
28 5388 8903 4650 6815 7203 8365 9186 4306 7062 5413 9664 8482 1905 713 1832 2727 7353 5038 6020 2222 9472 4319 5009 20 4895 4257 1665 2507
29 1386 4949 8026 9219 2914 9915 3033 5157 7869 7876 5096 8801 133 5833 5943 8498 4059 2270 4499 6131 1982 8388 8818 4416 7396 8776 5736 6969 4789
30 9145 1641 9850 8969 69 1597 7603 9856 7110 1485 3069 1233 7935 7838 5118 2413 5214 2108 3253 9016 8048 9132 1232 5657 9034 7518 4680 8290 2561 969
26 5588 8440 928 9454 3242 9439 2562 8593 1493 9809 1952 2165 7167 7558 4232 6850 2113 7479 9102 9379 5981 5337 1305 9023 145 8887
28 3831 4049 256 7744 4152 9302 2644 9495 7468 6711 3280 1548 5442 259 9334 278 4737 1645 1903 7710 3964 8557 9789 1686 8110 8918 2249 7641
28 1831 1704 7552 7543 8766 1865 7592 8289 9720 6999 3124 3321 4779 5971 2593 4453 7357 6193 1343 7034 2669 695 4850 9353 891 1550 6974 3107
29 4616 5049 4318 2304 3391 8046 6634 9939 565 8655 168 4281 1908 6763 8142 3963 5758 3740 4534 992 5630 9834 3725 5649 2778 8736 9030 8374 2296
27 7901 7222 1186 7481 9033 1604 1770 1354 2788 3398 9654 1244 5848 8279 1866 6146 7585 7964 6987 7565 9369 3224 9025 5937 2268 2556 7021
30 7047 7397 1772 5148 3733 5522 7464 2531 4117 2960 5035 8214 5550 5661 6811 5962 2981 2237 5648 1231 2598 9519 5753 9063 1997 3450 3406 2306 6564 6441
28 3198 68 4480 5400 8549 6766 1238 2674 9994 7670 3548 8721 5367 2759 9421 1616 263 2806 3263 4876 6259 8411 3542 6325 2706 2895 2952 470
26 2996 8654 479 5181 7144 7406 3151 6750 2552 7131 7188 9303 863 2869 8497 7231 8233 4719 9230 1384 9486 4105 426 9615 1345 3006
31 4830 4166 5740 9378 2535 4250 7572 7201 9310 1120 7955 5597 2050 5289 6386 9844 8761 7757 2798 8414 1941 3714 6937 3200 898 9342 8708 9423 6776 9847 85
29 4967 5524 6931 1909 7161 1210 9165 8958 6747 8528 6795 5119 3743 642 2852 7104 9935 2034 6962 7635 7366 5004 8531 8160 9082 6136 4384 7934 3375
31 9351 1833 4170 5942 7020 462 1283 5166 4015 8646 8469 1218 3286 9187 4425 1829 1452 3692 1536 6512 8866 5139 9105 3270 8408 752 9582 8596 7903 5473 722
28 1472 3076 1040 1822 421 2912 1344 3429 5045 6820 6354 2842 1879 7344 4351 6644 52 3088 2208 6558 5165 8209 2784 5660 4820 3931 1851 75
34 3660 5370 553 1670 7698 6983 1562 5796 6057 9240 6515 2629 5124 6025 1929 4813 9453 1571 297 9567 8379 9807 8397 6514 118 963 3995 4255 2269 6013 7089 1150 2386 3642
31 2672 5837 5889 1205 896 3764 397 1750 499 4575 3481 1852 7767 2122 5137 9068 376 2220 9681 1173 7129 4653 3428 4198 5544 8962 3727 1798 6881 2668 6576
27 7642 9957 554 9227 350 7985 6657 9121 1944 4831 7610 9979 2389 6735 9256 1535 64 5463 495 469 2529 9977 1576 7478 5970 1212 7690
26 3042 8183 9951 2244 9640 7957 9494 9892 9853 9308 3742 8413 9370 4161 3853 2309 7168 8086 1984 7913 3676 7480 3493 9347 2349 7187
26 6891 3929 9940 3950 6278 232 3669 5053 9737 3330 1747 3629 643 5114 5531 5464 6967 9269 6290 8302 7730 4517 2881 3957 4364 8311
29 7566 3575 2042 6237 4739 489 9406 4745 22 8316 7024 7950 1557 8931 2877 2657 1063 9409 4010 5799 454 5626 6852 7197 6335 2211 7214 7885 7887
29 94 687 3987 2860 309 941 1525 8627 871 5906 2370 683 6544 623 633 1195 2128 2131 4846 3793 9313 4449 4150 4367 2510 1486 2123 9968 1596
29 2156 612 4996 3350 6313 3346 4597 7356 6328 4483 4201 1585 3488 7025 2549 4814 904 7848 4359 9897 1026 542 372 9221 9253 1705 6442 5284 3595
32 4114 4671 3119 7529 3324 4966 5423 4304 3917 4478 3780 1219 2509 5647 7873 3241 8925 585 6432 6621 1781 2319 9316 853 3966 2575 2597 7505 7788 574 5635 7260
29 962 4447 7329 2135 610 7751 530 4588 4929 7472 881 7432 9216 6780 7962 9729 6111 4946 7476 9337 1273 3509 3133 9657 3045 5569 8228 9555 8392
26 3249 3505 4099 4710 706 7691 3243 9854 5059 6862 5869 6060 5477 1469 1495 4847 9611 913 7548 3070 8393 651 6637 6161 1350 8395
28 9360 9584 4937 60 1293 6710 6359 252 2722 391 6590 8734 1102 305 4230 5790 3231 1806 6132 4234 146 9496 1841 4531 1115 5928 8268 4300
30 1574 9443 4773 2469 4186 8663 2609 1440 3182 3500 1290 9110 9677 239 8334 1171 3599 1537 303 1702 246 8656 162 7452 1031 4681 3588 9698 3024 6279
29 8948 9075 5153 4400 5945 4948 9753 356 9274 8391 872 9750 1701 6253 2704 2741 8139 1216 9965 3874 8157 9945 2694 5946 8002 7090 2291 8307 4901
30 6808 724 8543 8624 5436 4093 9238 177 6740 4292 9281 2651 301 8666 2500 3063 7238 4080 6977 1013 801 6199 4725 3189 3591 9508 7647 497 1697 4875
30 7855 9695 4327 7232 9549 236 1302 1810 4647 1799 2262 8345 3382 3271 5646 2889 222 9426 842 5927 3485 9271 4173 1633 9065 8018 9244 7861 6663 1766
27 3827 416 2396 7485 6500 760 8349 5704 3362 6287 5106 7589 989 8882 4328 5239 3602 3056 4357 4208 7274 8010 441 181 6667 9018 7559
29 2209 7297 2241 9492 2252 5896 6658 4454 5822 3229 4990 4136 5905 8015 6450 733 1156 9528 9701 9125 8785 142 9813 7644 1762 8060 7801 8216 3818
27 6950 3265 1734 6493 1053 7728 7028 689 5028 4178 2020 2465 1418 3514 8355 9197 5741 1743 3550 8021 5141 6489 3352 7463 4872 5021 3810
28 4322 352 6200 2228 4123 5499 1004 7541 6559 2280 7776 7766 8752 8814 5067 4819 8321 8868 5421 9275 1155 9433 2360 2398 1937 3652 3038 5690
28 445 2765 8166 1862 6973 6444 4694 9622 8292 465 4032 7443 5073 1706 6323 2411 3728 5444 1334 988 7465 9198 88 4381 6358 9463 2594 9556
29 6669 7720 1924 659 5940 4639 8679 3904 3037 2132 7536 4127 527 2092 7623 5956 5487 3276 6589 5620 242 4296 2072 8043 8660 9113 1323 3857 1864
26 9157 2813 4442 2085 5144 9242 6105 2021 6553 4638 1215 7701 7146 3287 6884 5272 8459 5267 129 1202 3066 344 2571 6271 3285 7417
28 9168 9718 5528 3919 906 2394 8746 7054 3745 4031 4489 6651 8145 8661 3393 3096 6451 9525 7975 6555 4558 7933 6241 808 7094 5526 6157 5674
27 5645 5149 7394 2940 7528 6027 9571 841 597 995 7771 1919 1352 5577 4970 8519 8480 8156 7067 867 3523 3469 1877 3354 9765 4956 4331
31 1717 4107 9037 6928 3844 4391 6452 9665 939 1730 1883 9835 7039 292 7682 2970 1496 8764 887 244 1400 4330 2180 206 4409 7523 1800 3355 5780 3530 8618
28 295 2086 1956 9732 5612 768 9356 6446 3299 8476 1435 1960 3812 3054 9588 1613 2333 2662 1357 4620 7461 1337 4877 9863 6028 4422 5851 5269
30 993 3247 128 9224 9612 8615 813 1414 9380 8638 3794 3407 2998 3199 153 2757 645 4103 3737 9846 7507 3093 1381 9514 6499 717 1634 8928 7978 5638
26 8246 7011 8872 5724 5201 1258 3777 8689 1724 6456 5024 3778 8254 1664 2658 6315 1265 4301 3624 699 455 486 3583 8585 4767 2084
29 957 7793 6093 3694 9129 1217 91 9648 2477 6584 2654 3277 2948 9043 9002 7069 650 3142 6383 8467 6089 6986 5101 6408 1361 3816 6332 9995 2630
28 8407 626 8297 9592 4697 9825 3326 5084 4334 2040 9651 2811 5152 8475 3343 4094 1710 7093 3466 3965 160 1731 1685 2478 7856 788 1315 519
26 2586 8364 1768 7929 7351 1855 2221 385 6971 7401 3863 3817 1934 1406 1517 112 5331 923 7582 668 9374 9572 1981 4954 2634 7264
27 4805 810 6092 5207 2906 4175 8791 6764 8783 3105 2120 1935 9464 1838 9390 9564 4570 6039 2665 2787 8923 1328 6248 1333 9748 2968 6596
30 8946 1130 9506 2614 5313 3537 7467 6389 4190 7709 7036 2763 686 7429 6486 8329 8982 3359 478 9017 8703 797 8763 5538 6201 3710 6988 7837 7153 8694
24 8404 5195 3417 4104 6299 8673 739 5749 1000 223 3136 844 1070 2315 3552 5123 7956 7530 9036 8811 517 2904 7764 6806
27 3860 328 2693 3953 4784 1760 3741 3934 7390 5530 4101 3356 5600 1963 4112 7622 3884 8113 4269 8430 1506 2079 8112 7770 8792 2781 8114
30 8983 8797 7516 5968 5726 3783 7866 1657 7374 8878 5791 2878 6291 1662 8490 4373 2130 2327 2029 1087 6529 707 2159 5922 6981 4042 127 7729 6955 9212
29 7132 2442 3044 8540 9115 3881 3541 6615 3320 3546 54 2825 1650 5761 7310 7626 7103 6736 4464 6165 1663 520 876 2177 4631 7791 5918 4502 1778
30 42 6671 3316 9397 6322 5693 4282 4185 9339 4997 6357 3431 8437 9739 2944 3461 4207 8757 1058 5625 8748 1331 1527 3141 7544 4561 6883 3872 6843 960
26 4466 474 7380 8745 9384 2049 9147 6990 2247 2843 6210 6510 8038 604 9297 4752 7447 1180 9639 3572 4039 787 6533 1385 7997 8805
26 3496 498 8949 8445 515 6167 4953 6567 2931 4028 5766 7846 8066 1856 7615 3971 1033 6417 7083 3597 9205 5571 8554 4682 5216 3436
26 7175 8286 8906 3851 7891 1707 5425 7727 5701 1303 6137 5230 5519 6521 5651 6863 2490 9341 8998 5180 2065 7616 4346 5372 7422 4184
29 9413 1817 6319 5903 4870 2570 2966 1913 2295 3297 4465 6708 8213 2502 1280 6749 2032 5594 7733 3046 8444 4142 3053 3947 8955 1958 4274 4516 2388
29 3236 4501 2332 8586 2430 4983 7878 1149 3167 991 8943 140 6429 7663 5581 2015 3499 9077 4070 6527 46 1534 6254 1112 3369 7411 8658 8771 3554
25 625 6729 26 434 5867 9315 6874 7105 5592 1069 6178 9389 4128 9122 8720 2754 6777 3915 1077 7954 9536 5359 1428 8062 6017
30 6885 9594 1035 5721 7335 2756 2815 3292 8834 3651 8517 111 5856 5064 8611 6174 9060 3897 3204 4812 3245 3365 6196 1481 5120 2990 5711 321 1001 8314
